import numpy
empl = {
'Baringo' : [
[
'Kenya' , 'Rural' , 'Urban' , 'BaringoCounty' , 'TiatyConstituency' , 'Tirioko' , 'Kollowa' , 'Ribkwo' , 'Silale' , 'Loiyamorok' , 'TangulbeiKorossi' , 'ChuroAmaya' , 'BaringoNorthConstituency' , 'Barwessa' , 'Kabartonjo' , 'SaimoKipsaram' , 'SaimoSoi' , 'Bartabwa' , 'BaringoCentralConstituency' , 'Kabarnet' , 'Sacho' , 'Tenges' , 'EwalelChapchap' , 'Kapropita' , 'BaringoSouthConstituency' , 'Marigat' , 'Ilchamus' , 'Mochongoi' , 'Mukutan' , 'MogotioConstituency' , 'Mogotio' , 'Emining' , 'Kisanana' , 'EldamaRavineConstituency' , 'Lembus' , 'LembusKwen' , 'Ravine' , 'MumberesMajiMazuri' , 'LembusPerkerra' , 'Koibatek' , ] ,
numpy.array([
[  23.7 , 13.1 , 32.0 , 1.1 , 9.2 , 12.8 , 0.5 , 7.7 , 20249800 ] , [  15.6 , 11.2 , 43.5 , 1.0 , 8.8 , 13.0 , 0.5 , 6.3 , 12984788 ] , [  38.1 , 16.4 , 11.4 , 1.3 , 9.9 , 12.2 , 0.3 , 10.2 , 7265012 ] , [  15.1 , 10.6 , 35.9 , 0.9 , 14.2 , 14.4 , 0.5 , 8.3 , 263734 ] , [  3.0 , 11.4 , 56.0 , 0.4 , 18.3 , 6.5 , 0.3 , 4.0 , 55908 ] , [  0.7 , 13.5 , 57.6 , 0.1 , 22.7 , 2.2 , 0.2 , 2.9 , 9698 ] , [  4.1 , 13.5 , 47.3 , 0.5 , 18.6 , 10.3 , 0.5 , 5.3 , 8329 ] , [  5.0 , 12.4 , 47.1 , 0.9 , 22.3 , 9.7 , 0.4 , 2.4 , 6053 ] , [  0.3 , 10.8 , 72.0 , 0.3 , 13.9 , 0.3 , 0.1 , 2.4 , 9210 ] , [  5.6 , 11.0 , 48.4 , 0.4 , 18.9 , 8.7 , 0.4 , 6.7 , 5942 ] , [  2.7 , 9.7 , 54.9 , 0.5 , 21.3 , 5.6 , 0.2 , 5.1 , 7497 ] , [  4.4 , 9.0 , 57.9 , 0.5 , 12.4 , 11.1 , 0.4 , 4.3 , 9179 ] , [  13.7 , 9.3 , 37.2 , 0.7 , 14.5 , 13.5 , 0.5 , 10.7 , 45291 ] , [  9.3 , 8.4 , 43.7 , 0.6 , 12.3 , 13.7 , 0.5 , 11.5 , 11163 ] , [  20.9 , 8.8 , 31.3 , 0.8 , 12.1 , 14.4 , 0.3 , 11.5 , 9839 ] , [  16.1 , 8.5 , 39.3 , 0.8 , 11.1 , 15.7 , 0.5 , 8.0 , 10457 ] , [  11.7 , 10.8 , 33.2 , 0.8 , 18.6 , 13.1 , 0.4 , 11.4 , 8396 ] , [  8.1 , 11.3 , 36.8 , 0.5 , 23.2 , 7.7 , 0.9 , 11.5 , 5436 ] , [  23.8 , 9.4 , 23.6 , 1.3 , 11.5 , 17.0 , 0.5 , 13.0 , 40395 ] , [  27.9 , 12.1 , 17.2 , 1.2 , 11.7 , 17.0 , 0.5 , 12.5 , 12062 ] , [  19.8 , 7.5 , 35.9 , 1.2 , 8.0 , 16.7 , 0.7 , 10.1 , 7053 ] , [  19.3 , 9.0 , 27.4 , 1.1 , 13.6 , 15.9 , 0.5 , 13.1 , 4670 ] , [  19.3 , 6.7 , 18.6 , 1.5 , 17.1 , 18.9 , 0.8 , 17.2 , 8207 ] , [  28.2 , 10.0 , 25.2 , 1.3 , 7.3 , 15.9 , 0.3 , 11.8 , 8403 ] , [  13.4 , 13.7 , 40.3 , 1.7 , 10.4 , 11.1 , 0.7 , 8.8 , 38094 ] , [  16.7 , 15.9 , 28.9 , 1.6 , 12.6 , 10.2 , 1.0 , 13.0 , 13708 ] , [  10.6 , 20.1 , 29.1 , 2.3 , 11.0 , 18.0 , 0.5 , 8.4 , 7253 ] , [  13.7 , 7.8 , 57.3 , 1.4 , 5.5 , 8.9 , 0.5 , 5.0 , 12952 ] , [  5.9 , 14.0 , 44.1 , 1.9 , 17.3 , 9.2 , 0.6 , 7.1 , 4181 ] , [  16.1 , 10.3 , 18.1 , 1.0 , 21.5 , 23.3 , 0.6 , 9.2 , 29613 ] , [  20.1 , 11.9 , 15.5 , 1.6 , 17.5 , 23.5 , 0.7 , 9.3 , 13672 ] , [  10.9 , 6.9 , 16.6 , 0.5 , 31.1 , 24.5 , 0.5 , 9.1 , 8018 ] , [  14.2 , 11.0 , 23.9 , 0.6 , 18.5 , 21.7 , 0.7 , 9.4 , 7923 ] , [  23.2 , 9.8 , 30.2 , 0.7 , 10.3 , 19.0 , 0.5 , 6.4 , 54433 ] , [  11.8 , 8.0 , 51.2 , 0.5 , 8.8 , 17.0 , 0.6 , 2.2 , 10514 ] , [  17.1 , 8.7 , 35.2 , 0.8 , 7.5 , 25.0 , 0.3 , 5.4 , 10490 ] , [  39.7 , 13.6 , 9.4 , 0.8 , 13.2 , 13.9 , 0.3 , 9.0 , 9389 ] , [  19.1 , 10.6 , 40.6 , 0.5 , 6.6 , 17.6 , 0.5 , 4.6 , 9424 ] , [  28.6 , 10.1 , 17.2 , 1.0 , 12.3 , 20.3 , 0.6 , 10.0 , 8477 ] , [  26.5 , 7.0 , 19.4 , 0.9 , 16.0 , 20.5 , 0.5 , 9.2 , 6139 ]
])
] ,
'Bomet' : [
[
'Kenya' , 'Rural' , 'Urban' , 'BometCounty' , 'SotikConstituency' , 'NdanaiAbosi' , 'Chemagel' , 'Kipsonoi' , 'Kapletundo' , 'RongenaChebilat' , 'ChepalunguConstituency' , 'KongAsis' , 'Nyangores' , 'Sigor' , 'Chebunyo' , 'Siongiroi' , 'BometEastConstituency' , 'Merigi' , 'Kembu' , 'Longisa' , 'Kipreres' , 'Chemaner' , 'BometCentralConstituency' , 'SilibwetTownship' , 'Ndaraweta' , 'Sigorwet' , 'Cheseon' , 'Mutarakwa' , 'KonoinConstituency' , 'Chepchabas' , 'Kimulot' , 'Mogogosieki' , 'Boito' , 'Embomos' , ] ,
numpy.array([
[  23.7 , 13.1 , 32.0 , 1.1 , 9.2 , 12.8 , 0.5 , 7.7 , 20249800 ] , [  15.6 , 11.2 , 43.5 , 1.0 , 8.8 , 13.0 , 0.5 , 6.3 , 12984788 ] , [  38.1 , 16.4 , 11.4 , 1.3 , 9.9 , 12.2 , 0.3 , 10.2 , 7265012 ] , [  17.5 , 11.0 , 48.0 , 0.8 , 3.8 , 15.6 , 0.3 , 3.0 , 364630 ] , [  15.3 , 12.8 , 48.3 , 0.8 , 2.1 , 18.0 , 0.4 , 2.4 , 83687 ] , [  10.8 , 11.3 , 51.4 , 1.0 , 1.9 , 21.0 , 0.5 , 2.1 , 17750 ] , [  20.9 , 12.7 , 41.3 , 0.8 , 3.8 , 16.3 , 0.4 , 3.8 , 16872 ] , [  12.4 , 13.5 , 48.6 , 0.5 , 2.0 , 20.7 , 0.4 , 2.0 , 16061 ] , [  12.1 , 13.6 , 55.1 , 0.8 , 1.6 , 14.7 , 0.4 , 1.9 , 20005 ] , [  22.4 , 13.1 , 42.2 , 0.7 , 1.3 , 17.5 , 0.3 , 2.6 , 12999 ] , [  10.7 , 13.4 , 46.0 , 1.1 , 5.9 , 18.7 , 0.4 , 3.9 , 77872 ] , [  10.2 , 11.3 , 49.4 , 1.2 , 3.0 , 21.5 , 0.4 , 3.0 , 14062 ] , [  12.8 , 11.4 , 41.9 , 1.1 , 10.8 , 15.9 , 0.3 , 5.9 , 17313 ] , [  9.7 , 13.9 , 43.2 , 1.7 , 8.4 , 19.0 , 0.5 , 3.7 , 15651 ] , [  10.5 , 17.2 , 42.4 , 0.9 , 5.0 , 19.0 , 0.5 , 4.5 , 16423 ] , [  9.7 , 13.0 , 54.5 , 0.8 , 1.0 , 18.7 , 0.2 , 2.1 , 14423 ] , [  9.9 , 10.3 , 52.8 , 0.7 , 6.8 , 14.9 , 0.3 , 4.2 , 61868 ] , [  10.8 , 6.9 , 61.2 , 0.6 , 3.1 , 12.9 , 0.4 , 4.3 , 14581 ] , [  8.5 , 9.7 , 56.2 , 1.1 , 3.6 , 17.8 , 0.4 , 2.9 , 13195 ] , [  11.3 , 12.2 , 45.8 , 0.7 , 6.7 , 17.1 , 0.4 , 5.8 , 13700 ] , [  12.1 , 14.3 , 33.9 , 0.8 , 19.6 , 13.2 , 0.3 , 5.9 , 11280 ] , [  5.7 , 9.2 , 68.5 , 0.4 , 1.6 , 13.1 , 0.3 , 1.4 , 9112 ] , [  14.2 , 12.6 , 55.2 , 0.8 , 1.4 , 12.6 , 0.3 , 3.1 , 64429 ] , [  24.7 , 17.1 , 37.4 , 1.0 , 2.5 , 12.9 , 0.2 , 4.3 , 14958 ] , [  11.6 , 6.2 , 69.0 , 0.5 , 0.1 , 11.1 , 0.1 , 1.5 , 10965 ] , [  9.4 , 16.1 , 60.9 , 0.4 , 0.4 , 11.7 , 0.2 , 0.9 , 11031 ] , [  12.2 , 9.2 , 62.8 , 0.9 , 1.1 , 8.9 , 0.3 , 4.6 , 17563 ] , [  10.3 , 14.7 , 47.2 , 0.8 , 2.5 , 21.6 , 0.4 , 2.5 , 9912 ] , [  35.8 , 5.7 , 39.7 , 0.8 , 3.1 , 12.8 , 0.3 , 1.7 , 76774 ] , [  74.6 , 3.3 , 6.2 , 0.8 , 4.7 , 8.2 , 0.1 , 2.1 , 16035 ] , [  33.2 , 5.6 , 43.4 , 0.8 , 2.1 , 13.0 , 0.5 , 1.4 , 11465 ] , [  18.8 , 8.1 , 51.0 , 0.8 , 3.3 , 15.5 , 0.3 , 2.2 , 15589 ] , [  38.1 , 5.7 , 36.6 , 0.9 , 3.7 , 13.4 , 0.3 , 1.5 , 16829 ] , [  14.0 , 6.0 , 61.8 , 0.9 , 1.4 , 14.1 , 0.3 , 1.4 , 16856 ]
])
] ,
'Bungoma' : [
[
'Kenya' , 'Rural' , 'Urban' , 'BungomaCounty' , 'MtElgonConstituency' , 'Cheptais' , 'Chesikaki' , 'Chepyuk' , 'Kapkateny' , 'Kaptama' , 'Elgon' , 'SirisiaConstituency' , 'Namwela' , 'MalakisiSouthKulisiru' , 'Lwandanyi' , 'KabuchaiConstituency' , 'KabuchaiChwele' , 'WestNalondo' , 'BwakeLuuya' , 'Mukuyuni' , 'BumulaConstituency' , 'SouthBukusu' , 'Bumula' , 'Khasoko' , 'Kabula' , 'Kimaeti' , 'WestBukusu' , 'Siboti' , 'KanduyiConstituency' , 'BukembeWest' , 'BukembeEast' , 'Township' , 'Khalaba' , 'Musikoma' , 'EastSangAlo' , 'MarakaryTuuti' , 'WestSangAlo' , 'WebuyeEastConstituency' , 'Mihuu' , 'Ndivisi' , 'Maraka' , 'WebuyeWestConstituency' , 'Misikhu' , 'Sitikho' , 'Matulo' , 'Bokoli' , 'KimililiConstituency' , 'Kibingei' , 'Kimilili' , 'Maeni' , 'Kamukuywa' , 'TongarenConstituency' , 'Mbakalo' , 'NaitiriKabuyefwe' , 'Milima' , 'Ndalu' , 'Tongaren' , 'SoysambuMitua' , ] ,
numpy.array([
[  23.7 , 13.1 , 32.0 , 1.1 , 9.2 , 12.8 , 0.5 , 7.7 , 20249800 ] , [  15.6 , 11.2 , 43.5 , 1.0 , 8.8 , 13.0 , 0.5 , 6.3 , 12984788 ] , [  38.1 , 16.4 , 11.4 , 1.3 , 9.9 , 12.2 , 0.3 , 10.2 , 7265012 ] , [  13.6 , 12.0 , 50.3 , 1.0 , 4.1 , 14.9 , 0.4 , 3.7 , 659073 ] , [  9.5 , 9.1 , 68.2 , 0.8 , 2.3 , 8.0 , 0.3 , 1.8 , 80684 ] , [  9.1 , 10.1 , 68.2 , 0.9 , 1.2 , 8.0 , 0.3 , 2.3 , 13771 ] , [  6.6 , 9.4 , 69.9 , 0.4 , 1.4 , 9.7 , 0.4 , 2.4 , 11398 ] , [  8.8 , 8.5 , 77.8 , 1.1 , 0.4 , 2.4 , 0.2 , 0.9 , 11544 ] , [  5.8 , 10.4 , 77.2 , 0.6 , 1.6 , 3.4 , 0.3 , 0.8 , 13056 ] , [  9.6 , 9.0 , 63.7 , 0.7 , 2.6 , 11.9 , 0.3 , 2.3 , 15774 ] , [  15.5 , 7.5 , 56.5 , 1.2 , 5.8 , 11.0 , 0.3 , 2.1 , 15141 ] , [  7.5 , 6.3 , 69.4 , 1.0 , 1.4 , 11.3 , 0.4 , 2.7 , 49247 ] , [  6.8 , 5.8 , 72.3 , 1.8 , 1.1 , 7.3 , 0.4 , 4.7 , 12983 ] , [  8.5 , 5.0 , 67.3 , 0.7 , 2.5 , 14.0 , 0.4 , 1.7 , 16871 ] , [  7.1 , 7.9 , 69.2 , 0.7 , 0.7 , 11.7 , 0.4 , 2.3 , 19393 ] , [  11.2 , 11.6 , 58.1 , 0.8 , 1.4 , 14.2 , 0.4 , 2.2 , 67996 ] , [  13.7 , 20.2 , 46.2 , 0.9 , 2.2 , 13.3 , 0.5 , 3.2 , 17509 ] , [  13.6 , 8.3 , 60.2 , 0.7 , 1.7 , 13.1 , 0.4 , 2.0 , 16204 ] , [  9.5 , 8.4 , 60.9 , 0.9 , 0.8 , 17.6 , 0.3 , 1.6 , 16150 ] , [  8.2 , 9.1 , 65.1 , 0.9 , 0.9 , 13.2 , 0.5 , 2.1 , 18133 ] , [  10.3 , 8.8 , 63.1 , 0.7 , 2.9 , 11.3 , 0.5 , 2.5 , 83735 ] , [  10.0 , 10.3 , 63.8 , 0.6 , 2.9 , 9.2 , 0.4 , 2.8 , 11015 ] , [  11.9 , 8.6 , 61.5 , 0.7 , 2.7 , 11.6 , 0.6 , 2.6 , 14765 ] , [  14.7 , 11.0 , 50.1 , 0.9 , 2.0 , 16.7 , 0.8 , 3.9 , 6389 ] , [  17.7 , 7.5 , 49.1 , 0.6 , 7.1 , 15.2 , 0.6 , 2.3 , 9907 ] , [  7.2 , 9.4 , 62.2 , 0.8 , 3.8 , 13.2 , 0.7 , 2.8 , 16956 ] , [  8.3 , 13.1 , 65.6 , 0.9 , 1.4 , 8.7 , 0.3 , 1.9 , 9434 ] , [  6.9 , 4.5 , 78.1 , 0.6 , 0.8 , 7.3 , 0.3 , 1.5 , 15269 ] , [  20.5 , 15.3 , 37.3 , 1.4 , 4.2 , 14.3 , 0.4 , 6.7 , 114633 ] , [  15.0 , 11.2 , 46.9 , 1.0 , 3.3 , 18.4 , 0.5 , 3.8 , 9778 ] , [  23.6 , 14.9 , 33.1 , 1.3 , 4.8 , 15.0 , 0.3 , 7.0 , 12909 ] , [  36.1 , 22.2 , 9.9 , 2.4 , 4.7 , 12.6 , 0.2 , 11.9 , 10416 ] , [  36.9 , 18.4 , 10.7 , 1.8 , 7.2 , 15.7 , 0.3 , 9.1 , 14294 ] , [  22.8 , 17.3 , 30.0 , 1.6 , 5.9 , 12.9 , 0.3 , 9.3 , 19695 ] , [  8.8 , 10.7 , 61.4 , 1.0 , 1.0 , 12.9 , 0.4 , 3.9 , 14867 ] , [  14.1 , 18.7 , 41.0 , 1.1 , 3.5 , 15.1 , 0.3 , 6.4 , 16985 ] , [  11.6 , 9.0 , 59.2 , 1.4 , 2.5 , 12.9 , 1.0 , 2.3 , 15689 ] , [  16.8 , 13.3 , 43.4 , 0.9 , 4.2 , 15.5 , 0.5 , 5.3 , 49476 ] , [  15.8 , 12.3 , 48.3 , 0.9 , 3.5 , 13.1 , 0.5 , 5.8 , 18176 ] , [  13.1 , 13.6 , 47.7 , 0.8 , 4.2 , 16.1 , 0.6 , 4.0 , 18842 ] , [  24.0 , 14.2 , 29.7 , 1.0 , 5.4 , 18.4 , 0.6 , 6.7 , 12458 ] , [  14.9 , 14.4 , 46.7 , 0.8 , 3.8 , 15.2 , 0.4 , 3.8 , 61901 ] , [  10.4 , 13.0 , 53.5 , 0.8 , 3.1 , 14.4 , 0.2 , 4.6 , 14771 ] , [  11.9 , 10.4 , 58.3 , 0.7 , 1.5 , 14.8 , 0.5 , 2.0 , 13993 ] , [  22.4 , 20.3 , 30.4 , 1.1 , 5.7 , 13.9 , 0.3 , 6.0 , 17800 ] , [  13.5 , 12.5 , 48.7 , 0.6 , 4.2 , 18.1 , 0.4 , 2.0 , 15337 ] , [  13.2 , 16.2 , 38.9 , 0.8 , 6.0 , 21.8 , 0.3 , 2.8 , 62767 ] , [  14.7 , 12.0 , 42.0 , 0.9 , 4.5 , 22.1 , 0.3 , 3.5 , 16623 ] , [  16.1 , 19.5 , 33.0 , 0.7 , 7.5 , 19.6 , 0.2 , 3.4 , 17412 ] , [  8.5 , 13.2 , 47.5 , 0.5 , 6.1 , 22.6 , 0.4 , 1.3 , 11247 ] , [  12.0 , 18.6 , 36.4 , 0.8 , 6.0 , 23.2 , 0.4 , 2.5 , 17485 ] , [  14.2 , 11.3 , 36.9 , 1.2 , 9.4 , 22.5 , 0.4 , 4.2 , 88634 ] , [  9.8 , 10.1 , 43.2 , 0.7 , 9.6 , 22.4 , 0.6 , 3.7 , 14843 ] , [  13.8 , 11.7 , 30.5 , 1.1 , 13.6 , 23.5 , 0.5 , 5.3 , 17730 ] , [  14.9 , 12.6 , 31.8 , 0.8 , 10.3 , 24.9 , 0.3 , 4.4 , 15994 ] , [  17.2 , 9.8 , 43.8 , 2.1 , 6.6 , 17.1 , 0.4 , 2.9 , 10362 ] , [  13.6 , 10.6 , 40.3 , 1.4 , 5.3 , 23.6 , 0.4 , 4.9 , 16058 ] , [  16.9 , 12.2 , 35.1 , 1.2 , 9.4 , 21.6 , 0.5 , 3.2 , 13647 ]
])
] ,
'Busia' : [
[
'Kenya' , 'Rural' , 'Urban' , 'BusiaCounty' , 'TesoNorthConstituency' , 'MalabaCentral' , 'MalabaNorth' , 'AngUraiSouth' , 'AngUraiNorth' , 'AngUraiEast' , 'MalabaSouth' , 'TesoSouthConstituency' , 'Angorom' , 'ChakolSouth' , 'ChakolNorth' , 'AmukuraWest' , 'AmukuraEast' , 'AmukuraCentral' , 'NambaleConstituency' , 'Nambale' , 'BukhayoNorthWalatsi' , 'BukhayoEast' , 'BukhayoCentral' , 'MatayosConstituency' , 'BukhayoWest' , 'Mayenje' , 'MatayosSouth' , 'Busibwabo' , 'Burumba' , 'ButulaConstituency' , 'MarachiWest' , 'Kingandole' , 'MarachiCentral' , 'MarachiEast' , 'MarachiNorth' , 'Elugulu' , 'FunyulaConstituency' , 'NambobotoNambuku' , 'Nangina' , 'AgengaNanguba' , 'Bwiri' , 'BudalangiConstituency' , 'BunyalaCentral' , 'BunyalaNorth' , 'BunyalaWest' , 'BunyalaSouth' , ] ,
numpy.array([
[  23.7 , 13.1 , 32.0 , 1.1 , 9.2 , 12.8 , 0.5 , 7.7 , 20249800 ] , [  15.6 , 11.2 , 43.5 , 1.0 , 8.8 , 13.0 , 0.5 , 6.3 , 12984788 ] , [  38.1 , 16.4 , 11.4 , 1.3 , 9.9 , 12.2 , 0.3 , 10.2 , 7265012 ] , [  12.9 , 11.5 , 51.9 , 1.0 , 5.3 , 12.3 , 0.6 , 4.5 , 355126 ] , [  10.9 , 11.7 , 62.2 , 0.8 , 2.1 , 9.2 , 0.3 , 2.9 , 57314 ] , [  25.0 , 26.4 , 23.9 , 1.0 , 4.2 , 11.9 , 0.2 , 7.4 , 13177 ] , [  7.3 , 4.8 , 72.6 , 0.5 , 0.6 , 12.1 , 0.5 , 1.5 , 6529 ] , [  6.0 , 9.1 , 74.5 , 0.5 , 1.5 , 7.2 , 0.3 , 0.8 , 9945 ] , [  5.8 , 7.5 , 76.4 , 0.8 , 0.9 , 7.3 , 0.4 , 1.1 , 11182 ] , [  7.4 , 6.8 , 67.1 , 1.1 , 4.1 , 9.7 , 0.3 , 3.5 , 7263 ] , [  7.3 , 7.5 , 75.1 , 0.5 , 0.7 , 7.5 , 0.3 , 1.1 , 9218 ] , [  11.3 , 11.2 , 58.2 , 0.7 , 3.9 , 10.3 , 0.6 , 3.8 , 65672 ] , [  27.5 , 19.0 , 19.6 , 1.2 , 7.9 , 14.3 , 0.6 , 9.9 , 14008 ] , [  7.0 , 4.6 , 74.7 , 0.3 , 5.1 , 6.7 , 0.4 , 1.3 , 14773 ] , [  5.3 , 11.4 , 66.4 , 1.1 , 3.5 , 10.1 , 1.2 , 1.1 , 8540 ] , [  6.3 , 3.8 , 72.8 , 0.7 , 1.7 , 11.8 , 0.3 , 2.7 , 7902 ] , [  8.7 , 11.6 , 62.5 , 0.6 , 1.8 , 10.8 , 0.8 , 3.3 , 10914 ] , [  6.5 , 15.4 , 65.1 , 0.5 , 1.0 , 8.6 , 0.4 , 2.5 , 9535 ] , [  10.8 , 9.3 , 58.8 , 1.0 , 3.9 , 12.5 , 0.5 , 3.3 , 44446 ] , [  16.8 , 12.7 , 44.1 , 1.4 , 6.9 , 13.8 , 0.5 , 3.8 , 15631 ] , [  4.8 , 6.3 , 75.6 , 0.6 , 1.6 , 6.3 , 0.5 , 4.3 , 10438 ] , [  9.4 , 9.4 , 56.6 , 0.9 , 4.3 , 15.6 , 0.5 , 3.3 , 10165 ] , [  8.7 , 6.4 , 68.0 , 0.7 , 0.8 , 14.1 , 0.4 , 0.9 , 8212 ] , [  17.5 , 15.0 , 39.3 , 1.2 , 7.1 , 13.4 , 0.5 , 6.0 , 54054 ] , [  14.0 , 8.8 , 48.0 , 0.9 , 7.3 , 15.1 , 0.6 , 5.4 , 15808 ] , [  21.6 , 11.2 , 39.1 , 1.1 , 7.7 , 14.0 , 0.4 , 4.8 , 4546 ] , [  12.8 , 12.3 , 49.7 , 1.4 , 5.4 , 12.7 , 0.5 , 5.2 , 14421 ] , [  7.0 , 5.5 , 72.1 , 0.6 , 2.6 , 11.3 , 0.5 , 0.6 , 5157 ] , [  28.9 , 29.2 , 7.2 , 1.5 , 10.0 , 12.9 , 0.4 , 9.9 , 14122 ] , [  11.9 , 10.1 , 55.3 , 1.0 , 4.6 , 12.7 , 0.7 , 3.7 , 56099 ] , [  15.0 , 11.0 , 52.2 , 0.7 , 5.8 , 11.1 , 0.6 , 3.8 , 9872 ] , [  13.3 , 11.0 , 52.8 , 1.6 , 3.2 , 12.8 , 0.8 , 4.6 , 8371 ] , [  12.0 , 9.7 , 52.6 , 1.0 , 6.6 , 14.0 , 1.1 , 3.1 , 9066 ] , [  10.3 , 12.5 , 57.8 , 0.7 , 2.1 , 11.4 , 0.7 , 4.5 , 9524 ] , [  10.9 , 7.3 , 56.1 , 1.1 , 4.7 , 15.3 , 0.8 , 3.8 , 10784 ] , [  10.0 , 9.5 , 60.4 , 1.0 , 5.1 , 11.1 , 0.6 , 2.5 , 8482 ] , [  10.9 , 8.2 , 51.0 , 1.1 , 7.1 , 16.3 , 0.9 , 4.6 , 44646 ] , [  10.0 , 8.5 , 59.2 , 1.0 , 3.6 , 11.7 , 0.9 , 5.1 , 13255 ] , [  15.0 , 8.0 , 42.1 , 1.9 , 9.4 , 17.4 , 0.9 , 5.4 , 9829 ] , [  9.8 , 9.0 , 46.8 , 0.9 , 8.8 , 19.5 , 1.0 , 4.4 , 12335 ] , [  9.1 , 6.8 , 54.3 , 0.5 , 7.5 , 17.4 , 0.9 , 3.5 , 9227 ] , [  19.0 , 16.0 , 28.6 , 1.4 , 11.7 , 13.9 , 0.8 , 8.5 , 32895 ] , [  13.3 , 11.1 , 46.4 , 2.8 , 7.8 , 14.9 , 1.2 , 2.5 , 5136 ] , [  18.5 , 8.7 , 36.2 , 0.9 , 13.6 , 15.0 , 0.8 , 6.2 , 10059 ] , [  21.1 , 23.3 , 16.1 , 1.0 , 11.3 , 14.6 , 0.6 , 12.1 , 10754 ] , [  20.5 , 19.0 , 24.1 , 1.5 , 12.6 , 10.7 , 0.8 , 10.9 , 6946 ]
])
] ,
'Elgeyo Marakwet' : [
[
'Kenya' , 'Rural' , 'Urban' , 'ElgeyoMarakwetCounty' , 'MarakwetEastConstituency' , 'Kapyego' , 'Sambirir' , 'Endo' , 'EmbobutEmbulot' , 'MarakwetWestConstituency' , 'Lelan' , 'Sengwer' , 'CheraganyChebororwa' , 'MoibenKuserwo' , 'Kapsowar' , 'Arror' , 'KeiyoNorthConstituency' , 'Kimariny' , 'Emsoo' , 'Tambach' , 'Kapchemutwa' , 'KeiyoSouthConstituency' , 'Kaptarakwa' , 'Chepkorio' , 'SoyNorth' , 'SoySouth' , 'Kabiemit' , 'Metkei' , ] ,
numpy.array([
[  23.7 , 13.1 , 32.0 , 1.1 , 9.2 , 12.8 , 0.5 , 7.7 , 20249800 ] , [  15.6 , 11.2 , 43.5 , 1.0 , 8.8 , 13.0 , 0.5 , 6.3 , 12984788 ] , [  38.1 , 16.4 , 11.4 , 1.3 , 9.9 , 12.2 , 0.3 , 10.2 , 7265012 ] , [  14.3 , 8.6 , 40.5 , 0.9 , 14.7 , 15.3 , 0.4 , 5.3 , 181543 ] , [  8.2 , 6.7 , 58.3 , 1.1 , 10.6 , 9.3 , 0.3 , 5.5 , 36592 ] , [  9.7 , 3.3 , 78.8 , 0.5 , 0.4 , 6.1 , 0.4 , 0.8 , 8092 ] , [  9.6 , 8.0 , 41.3 , 1.2 , 17.9 , 12.8 , 0.3 , 9.1 , 10583 ] , [  8.2 , 7.8 , 51.0 , 1.4 , 14.7 , 11.3 , 0.4 , 5.2 , 11168 ] , [  4.1 , 6.9 , 72.6 , 1.1 , 4.6 , 4.4 , 0.3 , 6.1 , 6749 ] , [  14.7 , 10.5 , 44.5 , 1.2 , 7.8 , 14.4 , 0.3 , 6.5 , 52398 ] , [  13.6 , 7.1 , 57.9 , 1.9 , 1.9 , 14.0 , 0.2 , 3.5 , 9779 ] , [  11.9 , 14.2 , 53.2 , 0.8 , 4.4 , 11.7 , 0.4 , 3.3 , 8918 ] , [  11.5 , 13.5 , 47.5 , 1.6 , 5.2 , 16.3 , 0.3 , 4.1 , 8444 ] , [  12.6 , 6.6 , 27.4 , 1.1 , 17.2 , 20.6 , 0.4 , 14.1 , 9715 ] , [  23.3 , 11.6 , 40.5 , 1.0 , 7.7 , 9.8 , 0.3 , 5.8 , 12352 ] , [  7.5 , 9.9 , 38.8 , 0.9 , 13.7 , 17.5 , 0.8 , 10.9 , 3190 ] , [  17.5 , 10.0 , 25.2 , 0.7 , 21.2 , 19.7 , 0.4 , 5.4 , 38589 ] , [  13.7 , 11.1 , 25.6 , 0.6 , 22.7 , 22.5 , 0.4 , 3.4 , 13114 ] , [  12.2 , 5.5 , 41.4 , 0.8 , 18.3 , 17.0 , 0.6 , 4.3 , 4606 ] , [  16.6 , 5.1 , 23.1 , 0.6 , 24.4 , 22.0 , 0.4 , 7.8 , 8212 ] , [  23.9 , 13.5 , 20.4 , 0.9 , 18.7 , 16.2 , 0.4 , 6.3 , 12657 ] , [  15.7 , 6.9 , 35.6 , 0.6 , 19.6 , 17.2 , 0.4 , 4.1 , 53964 ] , [  17.0 , 5.1 , 30.8 , 0.7 , 22.5 , 18.9 , 0.4 , 4.6 , 9633 ] , [  22.3 , 7.8 , 36.0 , 0.6 , 11.7 , 18.5 , 0.2 , 2.9 , 11951 ] , [  10.7 , 6.9 , 31.1 , 0.4 , 26.6 , 18.2 , 0.5 , 5.5 , 7120 ] , [  12.5 , 6.5 , 43.2 , 0.4 , 21.9 , 11.6 , 0.3 , 3.6 , 9678 ] , [  15.2 , 9.0 , 44.8 , 0.6 , 13.3 , 15.0 , 0.4 , 1.7 , 9249 ] , [  12.1 , 5.8 , 21.8 , 0.6 , 28.1 , 22.9 , 0.8 , 7.9 , 6333 ]
])
] ,
'Embu' : [
[
'Kenya' , 'Rural' , 'Urban' , 'EmbuCounty' , 'ManyattaConstituency' , 'RuguruNgandori' , 'Kithimu' , 'Nginda' , 'MbetiNorth' , 'Kirimani' , 'GaturiSouth' , 'RunyenjesConstituency' , 'GaturiNorth' , 'KagaariSouth' , 'Central' , 'KagaariNorth' , 'KyeniNorthWest' , 'KyeniSouth' , 'MbeereSouthConstituency' , 'Mwea' , 'Makima' , 'MbetiSouth' , 'Mavuria' , 'Kiambere' , 'MbeereNorthConstituency' , 'Nthawa' , 'Muminji' , 'Evurore' , ] ,
numpy.array([
[  23.7 , 13.1 , 32.0 , 1.1 , 9.2 , 12.8 , 0.5 , 7.7 , 20249800 ] , [  15.6 , 11.2 , 43.5 , 1.0 , 8.8 , 13.0 , 0.5 , 6.3 , 12984788 ] , [  38.1 , 16.4 , 11.4 , 1.3 , 9.9 , 12.2 , 0.3 , 10.2 , 7265012 ] , [  24.2 , 11.2 , 44.3 , 1.0 , 4.2 , 9.7 , 0.4 , 5.0 , 290221 ] , [  31.7 , 12.8 , 35.9 , 1.4 , 2.9 , 10.1 , 0.4 , 4.8 , 92313 ] , [  27.1 , 9.9 , 41.3 , 2.3 , 2.6 , 10.0 , 0.3 , 6.6 , 16295 ] , [  19.6 , 9.6 , 59.7 , 0.4 , 1.3 , 7.1 , 0.7 , 1.8 , 10657 ] , [  17.6 , 8.1 , 57.9 , 0.6 , 2.4 , 10.8 , 0.5 , 2.2 , 16170 ] , [  42.1 , 14.3 , 22.1 , 2.4 , 2.6 , 11.4 , 0.2 , 5.0 , 20811 ] , [  45.8 , 20.2 , 12.2 , 1.1 , 4.2 , 9.5 , 0.3 , 6.6 , 20399 ] , [  23.3 , 10.3 , 44.8 , 1.1 , 3.5 , 11.0 , 0.4 , 5.6 , 7981 ] , [  20.7 , 9.3 , 50.8 , 1.0 , 3.1 , 10.9 , 0.4 , 3.9 , 83142 ] , [  21.1 , 10.5 , 50.0 , 1.7 , 0.9 , 10.2 , 0.5 , 5.0 , 14085 ] , [  15.3 , 6.6 , 61.0 , 0.7 , 2.2 , 11.8 , 0.5 , 2.0 , 11767 ] , [  21.6 , 11.8 , 44.0 , 1.9 , 2.8 , 11.4 , 0.4 , 6.2 , 13891 ] , [  21.8 , 6.8 , 54.8 , 0.6 , 2.1 , 10.5 , 0.3 , 3.1 , 14890 ] , [  23.2 , 12.5 , 48.8 , 0.8 , 1.4 , 8.9 , 0.3 , 4.1 , 12559 ] , [  20.2 , 8.2 , 47.5 , 0.6 , 7.9 , 12.2 , 0.7 , 2.8 , 15950 ] , [  23.1 , 12.0 , 40.4 , 0.8 , 6.8 , 9.1 , 0.5 , 7.2 , 68854 ] , [  22.5 , 12.8 , 41.5 , 0.7 , 7.9 , 7.7 , 0.7 , 6.3 , 16331 ] , [  25.1 , 8.7 , 36.0 , 1.2 , 7.7 , 13.3 , 0.5 , 7.4 , 10773 ] , [  25.4 , 12.1 , 40.4 , 1.0 , 4.9 , 8.2 , 0.5 , 7.6 , 16730 ] , [  22.5 , 14.7 , 37.7 , 0.6 , 7.8 , 9.6 , 0.5 , 6.6 , 17768 ] , [  17.4 , 8.0 , 51.3 , 0.6 , 5.3 , 7.3 , 0.6 , 9.6 , 7252 ] , [  17.5 , 10.2 , 55.3 , 0.4 , 4.9 , 7.5 , 0.4 , 3.8 , 45912 ] , [  20.0 , 12.7 , 54.4 , 0.4 , 4.5 , 5.1 , 0.5 , 2.5 , 15072 ] , [  13.6 , 12.6 , 60.5 , 0.4 , 2.4 , 7.5 , 0.3 , 2.7 , 8252 ] , [  17.2 , 7.8 , 53.9 , 0.5 , 6.1 , 9.0 , 0.4 , 5.1 , 22588 ]
])
] ,
'Garissa' : [
[
'Kenya' , 'Rural' , 'Urban' , 'GarissaCounty' , 'GarissaTownshipConstituency' , 'Waberi' , 'Galbet' , 'Township' , 'Iftin' , 'BalambalaConstituency' , 'Balambala' , 'Danyere' , 'Jarajara' , 'Saka' , 'Sankuri' , 'LagderaConstituency' , 'Modogashe' , 'Benane' , 'Goreale' , 'Maalamin' , 'Sabena' , 'Baraki' , 'DadaabConstituency' , 'Dertu' , 'Dadaab' , 'Labisigale' , 'Damajale' , 'Liboi' , 'Abakaile' , 'FafiConstituency' , 'Bura' , 'Dekaharia' , 'Jarajila' , 'Fafi' , 'Nanighi' , 'IjaraConstituency' , 'Hulugho' , 'Sangailu' , 'Ijara' , 'Masalani' , ] ,
numpy.array([
[  23.7 , 13.1 , 32.0 , 1.1 , 9.2 , 12.8 , 0.5 , 7.7 , 20249800 ] , [  15.6 , 11.2 , 43.5 , 1.0 , 8.8 , 13.0 , 0.5 , 6.3 , 12984788 ] , [  38.1 , 16.4 , 11.4 , 1.3 , 9.9 , 12.2 , 0.3 , 10.2 , 7265012 ] , [  9.9 , 17.6 , 26.4 , 2.1 , 12.9 , 8.0 , 0.4 , 22.7 , 235742 ] , [  19.6 , 13.9 , 9.1 , 2.8 , 17.7 , 14.4 , 0.5 , 22.0 , 60810 ] , [  15.5 , 15.8 , 9.5 , 4.3 , 15.4 , 10.9 , 0.6 , 28.0 , 10363 ] , [  17.9 , 14.8 , 8.0 , 2.3 , 17.7 , 16.8 , 0.5 , 22.1 , 22733 ] , [  25.2 , 16.0 , 6.1 , 2.7 , 15.9 , 16.6 , 0.3 , 17.3 , 12183 ] , [  20.7 , 9.5 , 12.8 , 2.8 , 20.5 , 11.6 , 0.4 , 21.6 , 15531 ] , [  5.0 , 14.8 , 42.6 , 3.1 , 13.2 , 3.3 , 0.2 , 17.7 , 35665 ] , [  4.8 , 16.0 , 37.9 , 1.8 , 13.9 , 4.0 , 0.3 , 21.2 , 10571 ] , [  4.9 , 11.1 , 50.4 , 5.7 , 8.2 , 2.3 , 0.1 , 17.3 , 11673 ] , [  6.3 , 32.9 , 27.3 , 4.3 , 7.0 , 0.4 , 0.2 , 21.6 , 3947 ] , [  4.3 , 5.0 , 39.2 , 0.6 , 37.9 , 7.1 , 0.5 , 5.5 , 4260 ] , [  5.4 , 14.7 , 49.1 , 1.2 , 7.4 , 3.4 , 0.2 , 18.7 , 5214 ] , [  4.7 , 22.4 , 23.8 , 1.0 , 11.7 , 4.7 , 0.9 , 31.0 , 44953 ] , [  5.7 , 29.6 , 18.4 , 1.5 , 12.1 , 5.6 , 0.2 , 26.8 , 14446 ] , [  7.3 , 33.9 , 13.0 , 0.6 , 29.0 , 4.2 , 0.7 , 11.3 , 6329 ] , [  3.8 , 11.9 , 20.0 , 0.7 , 5.6 , 4.3 , 4.1 , 49.6 , 5139 ] , [  4.1 , 4.8 , 53.3 , 0.9 , 12.3 , 5.6 , 1.1 , 17.9 , 4942 ] , [  3.3 , 12.6 , 24.4 , 1.0 , 6.6 , 3.3 , 0.5 , 48.4 , 9566 ] , [  2.0 , 34.9 , 26.6 , 0.3 , 3.0 , 5.0 , 0.0 , 28.0 , 4531 ] , [  7.2 , 23.9 , 24.4 , 2.2 , 10.3 , 4.8 , 0.2 , 27.1 , 33656 ] , [  3.8 , 34.9 , 29.1 , 0.7 , 6.4 , 6.6 , 0.2 , 18.4 , 6584 ] , [  13.8 , 9.4 , 7.0 , 4.1 , 14.0 , 7.0 , 0.3 , 44.3 , 8354 ] , [  8.1 , 9.1 , 7.9 , 1.8 , 21.9 , 2.0 , 0.2 , 49.0 , 2725 ] , [  2.8 , 42.4 , 37.2 , 1.1 , 5.2 , 0.6 , 0.1 , 10.6 , 4606 ] , [  6.6 , 21.3 , 33.7 , 1.7 , 7.3 , 3.9 , 0.1 , 25.5 , 5463 ] , [  5.4 , 26.8 , 32.6 , 2.5 , 10.9 , 4.7 , 0.5 , 16.6 , 5924 ] , [  5.7 , 14.2 , 44.8 , 0.8 , 16.9 , 2.8 , 0.3 , 14.6 , 17318 ] , [  10.6 , 12.7 , 53.0 , 1.0 , 13.1 , 3.0 , 0.3 , 6.3 , 2443 ] , [  2.0 , 25.0 , 39.7 , 0.2 , 31.3 , 0.4 , 0.1 , 1.3 , 4378 ] , [  7.3 , 7.5 , 49.3 , 0.7 , 7.2 , 1.8 , 0.4 , 25.8 , 4772 ] , [  5.6 , 2.7 , 60.9 , 1.1 , 1.0 , 3.6 , 0.4 , 24.8 , 2360 ] , [  4.7 , 18.7 , 27.9 , 1.3 , 25.6 , 6.7 , 0.1 , 15.1 , 3365 ] , [  9.4 , 16.7 , 34.5 , 1.7 , 7.8 , 10.7 , 0.3 , 19.1 , 43340 ] , [  6.8 , 24.0 , 36.4 , 2.4 , 4.5 , 7.8 , 0.2 , 17.8 , 9564 ] , [  7.8 , 12.9 , 48.0 , 0.8 , 4.2 , 13.7 , 0.3 , 12.4 , 11053 ] , [  12.0 , 16.9 , 41.3 , 1.2 , 5.2 , 9.0 , 0.3 , 14.2 , 7574 ] , [  10.8 , 14.7 , 20.1 , 2.0 , 13.9 , 11.1 , 0.2 , 27.2 , 15149 ]
])
] ,
'HomaBay' : [
[
'Kenya' , 'Rural' , 'Urban' , 'HomaBayCounty' , 'KasipulConstituency' , 'WestKasipul' , 'SouthKasipul' , 'CentralKasipul' , 'EastKamagak' , 'WestKamagak' , 'KabondoKasipulConstituency' , 'KabondoEast' , 'KabondoWest' , 'KokwanyoKakelo' , 'Kojwach' , 'KarachuonyoConstituency' , 'WestKarachuonyo' , 'NorthKarachuonyo' , 'Central' , 'Kanyaluo' , 'Kibiri' , 'Wangchieng' , 'KenduBayTown' , 'RangweConstituency' , 'WestGem' , 'EastGem' , 'Kagan' , 'Kochia' , 'HomaBayTownConstituency' , 'HomaBayCentral' , 'HomaBayArujo' , 'HomaBayWest' , 'HomaBayEast' , 'NdhiwaConstituency' , 'Kwabwai' , 'Kanyadoto' , 'Kanyikela' , 'KabuochNorth' , 'KabuochPala' , 'KanyamwaKologi' , 'KanyamwaKosewe' , 'SubaNorthConstituency' , 'MfanganoIsland' , 'RusingaIsland' , 'Kasgunga' , 'Gembe' , 'Lambwe' , 'SubaSouthConstituency' , 'GwassiSouth' , 'GwassiNorth' , 'KaksingiriWest' , 'KaksingiriEast' , ] ,
numpy.array([
[  23.7 , 13.1 , 32.0 , 1.1 , 9.2 , 12.8 , 0.5 , 7.7 , 20249800 ] , [  15.6 , 11.2 , 43.5 , 1.0 , 8.8 , 13.0 , 0.5 , 6.3 , 12984788 ] , [  38.1 , 16.4 , 11.4 , 1.3 , 9.9 , 12.2 , 0.3 , 10.2 , 7265012 ] , [  13.9 , 15.2 , 40.7 , 1.2 , 7.1 , 14.6 , 0.8 , 6.6 , 459070 ] , [  13.9 , 14.0 , 41.9 , 1.3 , 7.1 , 15.0 , 0.8 , 6.2 , 54350 ] , [  8.8 , 6.4 , 63.4 , 0.7 , 3.2 , 14.1 , 0.8 , 2.6 , 11915 ] , [  15.3 , 18.7 , 30.1 , 1.3 , 8.9 , 17.7 , 1.0 , 7.0 , 12666 ] , [  11.7 , 9.4 , 40.8 , 1.3 , 12.2 , 15.8 , 0.9 , 7.9 , 12208 ] , [  9.6 , 11.3 , 64.3 , 0.6 , 4.0 , 8.1 , 0.4 , 1.6 , 6901 ] , [  23.0 , 23.8 , 18.5 , 2.2 , 5.7 , 16.2 , 0.7 , 10.1 , 10660 ] , [  10.5 , 13.8 , 42.3 , 0.9 , 6.0 , 20.4 , 0.9 , 5.2 , 50380 ] , [  11.8 , 17.6 , 37.1 , 0.8 , 6.9 , 21.4 , 0.7 , 3.8 , 15171 ] , [  9.3 , 13.5 , 45.7 , 0.8 , 5.6 , 19.3 , 0.7 , 5.2 , 14506 ] , [  9.2 , 11.2 , 46.8 , 0.9 , 5.7 , 19.3 , 1.4 , 5.5 , 12179 ] , [  12.4 , 11.1 , 39.5 , 1.1 , 5.6 , 22.2 , 0.9 , 7.1 , 8524 ] , [  15.8 , 18.4 , 22.8 , 1.1 , 12.4 , 19.2 , 1.4 , 9.1 , 78353 ] , [  17.9 , 17.7 , 19.5 , 1.0 , 17.5 , 17.5 , 1.0 , 7.9 , 12919 ] , [  12.2 , 20.1 , 18.0 , 0.8 , 18.2 , 21.5 , 1.8 , 7.4 , 11189 ] , [  14.0 , 18.1 , 29.4 , 1.2 , 6.5 , 20.9 , 1.3 , 8.7 , 10142 ] , [  11.6 , 13.6 , 33.9 , 0.5 , 11.0 , 19.5 , 1.4 , 8.6 , 8856 ] , [  15.6 , 14.0 , 28.7 , 1.0 , 13.5 , 18.1 , 1.3 , 7.8 , 9059 ] , [  17.7 , 20.8 , 19.0 , 1.5 , 10.1 , 18.2 , 1.4 , 11.4 , 15717 ] , [  19.6 , 21.9 , 16.5 , 1.4 , 9.1 , 19.6 , 1.3 , 10.7 , 10471 ] , [  10.1 , 9.4 , 56.9 , 1.8 , 4.2 , 12.8 , 0.8 , 4.1 , 45700 ] , [  5.8 , 5.0 , 71.2 , 0.6 , 4.5 , 9.8 , 0.9 , 2.2 , 8923 ] , [  11.4 , 13.1 , 50.5 , 1.6 , 5.1 , 13.9 , 0.9 , 3.6 , 10255 ] , [  12.9 , 8.1 , 55.4 , 2.3 , 2.3 , 14.1 , 0.5 , 4.3 , 14149 ] , [  8.8 , 10.9 , 53.7 , 2.2 , 5.6 , 12.5 , 0.8 , 5.7 , 12373 ] , [  20.6 , 15.2 , 32.9 , 1.4 , 5.9 , 14.7 , 0.4 , 9.0 , 46434 ] , [  30.1 , 17.2 , 19.7 , 1.5 , 7.3 , 14.6 , 0.3 , 9.3 , 15177 ] , [  23.7 , 21.8 , 19.6 , 2.0 , 6.2 , 15.2 , 0.3 , 11.3 , 12893 ] , [  10.0 , 7.4 , 54.6 , 0.9 , 8.9 , 12.1 , 0.3 , 5.8 , 5776 ] , [  10.8 , 9.7 , 52.3 , 0.8 , 2.4 , 15.5 , 0.7 , 7.9 , 12588 ] , [  6.5 , 9.6 , 66.9 , 1.0 , 3.2 , 8.9 , 0.7 , 3.2 , 79641 ] , [  5.7 , 8.7 , 63.7 , 1.3 , 4.0 , 11.9 , 0.9 , 3.8 , 14141 ] , [  8.2 , 27.5 , 35.9 , 1.3 , 7.8 , 14.0 , 0.5 , 4.8 , 7523 ] , [  10.2 , 24.8 , 41.5 , 1.8 , 4.1 , 15.1 , 0.4 , 2.2 , 2976 ] , [  5.3 , 5.5 , 83.1 , 0.6 , 0.6 , 3.5 , 0.6 , 1.0 , 16369 ] , [  4.1 , 5.5 , 78.4 , 0.6 , 2.3 , 6.7 , 0.9 , 1.6 , 12401 ] , [  5.8 , 7.3 , 68.6 , 0.6 , 2.6 , 9.3 , 0.4 , 5.3 , 10874 ] , [  9.4 , 7.8 , 62.2 , 1.6 , 4.3 , 9.8 , 0.9 , 4.0 , 15357 ] , [  22.8 , 23.2 , 19.9 , 1.3 , 9.1 , 14.9 , 0.6 , 8.2 , 55452 ] , [  29.6 , 21.5 , 19.0 , 1.1 , 10.4 , 13.7 , 0.4 , 4.2 , 13825 ] , [  28.3 , 26.8 , 8.8 , 1.3 , 12.7 , 14.9 , 0.7 , 6.6 , 12285 ] , [  29.1 , 27.1 , 10.6 , 1.2 , 5.0 , 15.6 , 0.6 , 10.9 , 10123 ] , [  9.3 , 28.6 , 20.5 , 1.4 , 7.6 , 17.8 , 0.5 , 14.3 , 8866 ] , [  12.5 , 12.9 , 43.1 , 1.7 , 8.2 , 13.1 , 0.7 , 7.6 , 10353 ] , [  13.1 , 18.4 , 40.0 , 1.2 , 7.4 , 11.1 , 0.7 , 8.1 , 48760 ] , [  11.1 , 11.7 , 43.1 , 0.9 , 11.3 , 13.1 , 1.1 , 7.7 , 15947 ] , [  12.9 , 22.1 , 43.2 , 1.6 , 3.5 , 11.0 , 0.6 , 5.2 , 14799 ] , [  18.7 , 26.1 , 22.8 , 1.5 , 8.6 , 9.6 , 0.4 , 12.4 , 12553 ] , [  7.2 , 10.1 , 61.8 , 0.5 , 4.0 , 9.0 , 0.5 , 6.9 , 5461 ]
])
] ,
'Isiolo' : [
[
'Kenya' , 'Rural' , 'Urban' , 'IsioloCounty' , 'IsioloNorthConstituency' , 'Wabera' , 'BulaPesa' , 'Chari' , 'Cherab' , 'NgareMara' , 'Burat' , 'Oldonyiro' , 'IsioloSouthConstituency' , 'Garbatulla' , 'Kinna' , 'Sericho' , ] ,
numpy.array([
[  23.7 , 13.1 , 32.0 , 1.1 , 9.2 , 12.8 , 0.5 , 7.7 , 20249800 ] , [  15.6 , 11.2 , 43.5 , 1.0 , 8.8 , 13.0 , 0.5 , 6.3 , 12984788 ] , [  38.1 , 16.4 , 11.4 , 1.3 , 9.9 , 12.2 , 0.3 , 10.2 , 7265012 ] , [  16.6 , 16.3 , 33.0 , 1.0 , 12.0 , 10.7 , 0.5 , 10.0 , 71260 ] , [  19.9 , 13.7 , 29.9 , 1.1 , 13.2 , 11.7 , 0.4 , 10.0 , 49154 ] , [  30.9 , 12.2 , 11.4 , 1.9 , 11.0 , 18.1 , 0.5 , 14.1 , 8875 ] , [  30.3 , 21.5 , 10.3 , 0.9 , 8.3 , 12.9 , 0.4 , 15.4 , 12981 ] , [  6.2 , 17.3 , 24.2 , 1.5 , 31.5 , 14.2 , 0.8 , 4.4 , 2162 ] , [  9.0 , 15.5 , 35.4 , 0.7 , 16.3 , 13.4 , 0.6 , 9.1 , 7405 ] , [  23.9 , 7.1 , 50.9 , 1.2 , 9.1 , 4.8 , 0.2 , 2.9 , 2333 ] , [  16.4 , 12.0 , 38.2 , 1.6 , 11.9 , 10.9 , 0.4 , 8.7 , 8450 ] , [  5.1 , 2.0 , 69.3 , 0.3 , 19.4 , 2.3 , 0.1 , 1.5 , 6948 ] , [  9.2 , 22.3 , 39.8 , 0.8 , 9.1 , 8.4 , 0.5 , 9.8 , 22106 ] , [  7.4 , 20.6 , 37.4 , 1.2 , 16.0 , 6.5 , 0.3 , 10.5 , 8051 ] , [  13.8 , 29.7 , 33.6 , 0.4 , 6.7 , 7.6 , 0.7 , 7.5 , 7883 ] , [  5.8 , 15.2 , 50.8 , 0.8 , 3.3 , 11.9 , 0.7 , 11.6 , 6172 ]
])
] ,
'Kajiado' : [
[
'Kenya' , 'Rural' , 'Urban' , 'KajiadoCounty' , 'KajiadoNorthConstituency' , 'Olkeri' , 'OngatRongai' , 'Nkaimurunya' , 'Oloolua' , 'Ngong' , 'KajiadoCentralConstituency' , 'Purko' , 'Ildamat' , 'Dalalekutuk' , 'MatapatoNorth' , 'MatapatoSouth' , 'KajiadoEastConstituency' , 'KaputieiNorth' , 'Kitengela' , 'OloosirkonSholinke' , 'KenyewaPoka' , 'Imaroro' , 'KajiadoWestConstituency' , 'Keekonyokie' , 'Oloodokilan' , 'Magadi' , 'EwuasoKedong' , 'Mosiro' , 'KajiadoSouthConstituency' , 'EntonetLengism' , 'ImbirikaniEsselengei' , 'Kuku' , 'Rombo' , 'Kimana' , ] ,
numpy.array([
[  23.7 , 13.1 , 32.0 , 1.1 , 9.2 , 12.8 , 0.5 , 7.7 , 20249800 ] , [  15.6 , 11.2 , 43.5 , 1.0 , 8.8 , 13.0 , 0.5 , 6.3 , 12984788 ] , [  38.1 , 16.4 , 11.4 , 1.3 , 9.9 , 12.2 , 0.3 , 10.2 , 7265012 ] , [  32.9 , 14.4 , 14.2 , 1.1 , 16.6 , 12.2 , 0.3 , 8.2 , 378243 ] , [  46.9 , 14.7 , 3.2 , 1.3 , 12.5 , 12.3 , 0.2 , 8.9 , 126951 ] , [  42.7 , 15.3 , 6.4 , 1.5 , 13.6 , 12.6 , 0.3 , 7.6 , 26379 ] , [  47.2 , 15.0 , 2.8 , 1.5 , 10.8 , 13.7 , 0.2 , 8.9 , 30585 ] , [  48.2 , 14.9 , 2.0 , 1.0 , 14.1 , 11.0 , 0.1 , 8.7 , 36203 ] , [  48.1 , 12.8 , 2.4 , 1.2 , 12.0 , 12.6 , 0.2 , 10.7 , 22035 ] , [  49.4 , 16.2 , 2.3 , 1.2 , 10.3 , 11.8 , 0.3 , 8.7 , 11749 ] , [  20.6 , 16.8 , 16.1 , 1.1 , 24.0 , 12.8 , 0.4 , 8.2 , 48895 ] , [  15.1 , 17.8 , 21.7 , 1.7 , 19.7 , 18.8 , 0.2 , 5.0 , 2360 ] , [  35.6 , 11.7 , 5.2 , 1.2 , 19.2 , 18.5 , 0.3 , 8.4 , 4952 ] , [  25.8 , 16.0 , 17.6 , 0.8 , 21.6 , 12.9 , 0.5 , 4.9 , 14121 ] , [  14.2 , 18.6 , 19.2 , 1.2 , 28.7 , 9.8 , 0.3 , 8.0 , 13127 ] , [  17.2 , 17.6 , 14.5 , 1.1 , 24.3 , 12.6 , 0.5 , 12.2 , 14335 ] , [  42.2 , 13.9 , 6.8 , 1.1 , 15.3 , 12.2 , 0.2 , 8.3 , 80445 ] , [  42.4 , 11.8 , 6.6 , 1.0 , 18.2 , 13.9 , 0.2 , 5.9 , 17009 ] , [  55.0 , 16.2 , 3.3 , 1.2 , 9.7 , 8.0 , 0.1 , 6.6 , 21096 ] , [  48.1 , 15.1 , 4.6 , 1.2 , 12.0 , 8.9 , 0.2 , 10.0 , 21351 ] , [  23.7 , 11.7 , 10.3 , 1.0 , 23.4 , 17.7 , 0.4 , 11.9 , 12466 ] , [  22.2 , 12.7 , 16.8 , 1.2 , 20.1 , 19.0 , 0.4 , 7.8 , 8523 ] , [  20.6 , 15.8 , 21.6 , 1.0 , 21.6 , 12.6 , 0.2 , 6.5 , 56891 ] , [  28.8 , 19.1 , 10.0 , 1.3 , 18.2 , 13.9 , 0.3 , 8.4 , 21185 ] , [  13.6 , 11.1 , 29.3 , 0.6 , 28.0 , 13.7 , 0.3 , 3.5 , 7456 ] , [  17.1 , 9.0 , 42.6 , 0.7 , 17.2 , 9.2 , 0.2 , 4.1 , 11895 ] , [  17.5 , 16.8 , 18.2 , 1.3 , 24.0 , 14.3 , 0.1 , 7.9 , 14089 ] , [  3.8 , 31.1 , 14.7 , 0.1 , 42.0 , 4.8 , 0.4 , 3.1 , 2266 ] , [  14.4 , 11.4 , 37.1 , 1.0 , 16.4 , 11.1 , 0.5 , 8.2 , 65061 ] , [  7.2 , 5.6 , 37.3 , 1.3 , 28.1 , 11.7 , 0.6 , 8.5 , 10257 ] , [  11.8 , 8.2 , 41.0 , 1.1 , 22.0 , 9.2 , 0.3 , 6.5 , 8601 ] , [  17.0 , 18.1 , 27.0 , 1.0 , 11.0 , 12.3 , 0.6 , 13.0 , 18278 ] , [  14.5 , 10.6 , 45.5 , 1.0 , 12.4 , 11.1 , 0.4 , 4.5 , 18159 ] , [  19.1 , 9.4 , 36.5 , 0.8 , 17.0 , 9.6 , 0.3 , 7.3 , 9766 ]
])
] ,
'Kakamega' : [
[
'Kenya' , 'Rural' , 'Urban' , 'KakamegaCounty' , 'LugariConstituency' , 'Mautuma' , 'Lugari' , 'Lumakanda' , 'Chekalini' , 'Chevaywa' , 'Luandeti' , 'LikuyaniConstituency' , 'Likuyani' , 'Sango' , 'Kongoni' , 'Nzoia' , 'Sinoko' , 'MalavaConstituency' , 'WestKabras' , 'Chemuche' , 'EastKabras' , 'ButaliChegulo' , 'MandaShivanga' , 'ShiruguMugai' , 'SouthKabras' , 'LurambiConstituency' , 'ButsotsoEast' , 'SouthButsotso' , 'CentralButsotso' , 'Shieywe' , 'Mahiakalo' , 'Shirere' , 'NavakholoConstituency' , 'IngotseMatiha' , 'ShinoyiShikomariEsumeiya' , 'BunyalaWest' , 'BunyalaEast' , 'BunyalaCentral' , 'MumiasWestConstituency' , 'MumiasCentral' , 'MumiasNorth' , 'Etenje' , 'Musanda' , 'MumiasEastConstituency' , 'LusheyaLubinu' , 'MalahaIsongoMakunga' , 'EastWanga' , 'MatunguConstituency' , 'Koyonzo' , 'Kholera' , 'Khalaba' , 'Mayoni' , 'Namamali' , 'ButereConstituency' , 'MaramaWest' , 'MaramaCentral' , 'MarenyoShianda' , 'MaramaNorth' , 'MaramaSouth' , 'KhwiseroConstituency' , 'KisaNorth' , 'KisaEast' , 'KisaWest' , 'KisaCentral' , 'ShinyaluConstituency' , 'IsukhaNorth' , 'Murhanda' , 'IsukhaCentral' , 'IsukhaSouth' , 'IsukhaEast' , 'IsukhaWest' , 'IkolomaniConstituency' , 'IdakhoSouth' , 'IdakhoEast' , 'IdakhoNorth' , 'IdakhoCentral' , ] ,
numpy.array([
[  23.7 , 13.1 , 32.0 , 1.1 , 9.2 , 12.8 , 0.5 , 7.7 , 20249800 ] , [  15.6 , 11.2 , 43.5 , 1.0 , 8.8 , 13.0 , 0.5 , 6.3 , 12984788 ] , [  38.1 , 16.4 , 11.4 , 1.3 , 9.9 , 12.2 , 0.3 , 10.2 , 7265012 ] , [  17.5 , 10.4 , 43.7 , 1.3 , 6.3 , 14.0 , 0.6 , 6.3 , 815361 ] , [  13.8 , 11.6 , 47.8 , 1.3 , 4.4 , 13.4 , 0.5 , 7.2 , 81740 ] , [  13.0 , 10.7 , 50.3 , 1.1 , 5.3 , 12.8 , 0.5 , 6.4 , 12155 ] , [  11.8 , 7.9 , 53.9 , 1.1 , 4.8 , 14.2 , 0.4 , 6.0 , 15203 ] , [  17.2 , 17.2 , 32.7 , 1.6 , 5.3 , 14.8 , 0.6 , 10.6 , 15545 ] , [  16.3 , 11.5 , 39.4 , 1.4 , 4.5 , 16.0 , 0.3 , 10.5 , 9840 ] , [  13.6 , 9.3 , 53.2 , 1.1 , 4.3 , 11.9 , 0.9 , 5.8 , 15781 ] , [  11.1 , 12.8 , 56.1 , 1.3 , 2.3 , 11.4 , 0.5 , 4.6 , 13216 ] , [  17.8 , 10.5 , 35.0 , 1.4 , 9.4 , 13.6 , 0.6 , 11.7 , 61465 ] , [  19.5 , 10.7 , 31.2 , 1.0 , 13.7 , 12.7 , 0.9 , 10.4 , 13724 ] , [  13.2 , 7.6 , 44.5 , 0.9 , 10.6 , 14.5 , 0.5 , 8.3 , 11011 ] , [  16.3 , 9.1 , 35.6 , 2.1 , 7.7 , 13.5 , 0.4 , 15.4 , 11595 ] , [  18.5 , 12.1 , 29.7 , 2.0 , 9.0 , 15.0 , 0.5 , 13.4 , 14997 ] , [  21.2 , 12.6 , 37.3 , 1.0 , 4.8 , 12.2 , 0.6 , 10.3 , 10138 ] , [  17.3 , 10.6 , 48.2 , 1.5 , 3.5 , 14.5 , 0.6 , 3.8 , 100135 ] , [  18.1 , 5.1 , 59.6 , 0.7 , 4.5 , 10.4 , 0.4 , 1.2 , 12341 ] , [  18.1 , 13.5 , 42.0 , 1.1 , 4.5 , 15.5 , 0.3 , 5.0 , 14791 ] , [  20.1 , 8.0 , 53.5 , 0.8 , 1.0 , 12.4 , 0.6 , 3.7 , 11176 ] , [  14.3 , 13.2 , 45.1 , 1.8 , 3.1 , 18.4 , 0.6 , 3.6 , 15924 ] , [  14.3 , 10.3 , 52.8 , 0.9 , 0.8 , 17.3 , 0.7 , 2.9 , 15225 ] , [  14.7 , 13.6 , 48.1 , 0.7 , 5.1 , 14.8 , 0.4 , 2.6 , 12023 ] , [  21.0 , 9.7 , 41.0 , 3.8 , 5.0 , 12.1 , 0.8 , 6.6 , 18655 ] , [  29.0 , 14.8 , 29.7 , 1.3 , 4.1 , 14.1 , 0.5 , 6.5 , 86813 ] , [  22.5 , 10.8 , 53.6 , 0.6 , 0.5 , 9.2 , 0.4 , 2.5 , 11629 ] , [  13.1 , 6.3 , 59.7 , 0.8 , 1.0 , 16.7 , 1.0 , 1.5 , 8567 ] , [  21.9 , 13.4 , 48.3 , 0.7 , 4.2 , 9.0 , 0.6 , 1.9 , 13179 ] , [  35.3 , 20.0 , 10.9 , 1.7 , 4.8 , 16.5 , 0.3 , 10.6 , 28695 ] , [  36.8 , 10.8 , 24.8 , 1.3 , 4.3 , 15.2 , 0.5 , 6.3 , 6532 ] , [  33.3 , 15.5 , 18.2 , 2.0 , 6.7 , 15.5 , 0.4 , 8.4 , 18211 ] , [  10.7 , 7.1 , 65.2 , 0.7 , 3.8 , 9.5 , 0.6 , 2.3 , 64199 ] , [  13.3 , 7.1 , 62.6 , 0.9 , 1.3 , 11.1 , 0.7 , 2.9 , 10687 ] , [  10.2 , 8.0 , 70.0 , 0.4 , 0.4 , 8.8 , 0.6 , 1.6 , 12143 ] , [  8.4 , 5.5 , 71.2 , 0.7 , 4.0 , 7.8 , 0.6 , 1.9 , 17395 ] , [  10.7 , 8.7 , 65.6 , 0.8 , 0.6 , 11.9 , 0.3 , 1.4 , 10468 ] , [  12.1 , 7.0 , 55.0 , 0.8 , 11.2 , 9.3 , 0.7 , 3.9 , 13506 ] , [  23.2 , 10.3 , 33.5 , 1.5 , 8.3 , 16.5 , 0.6 , 6.3 , 56506 ] , [  29.4 , 15.1 , 19.3 , 1.1 , 9.9 , 15.3 , 0.4 , 9.4 , 19676 ] , [  42.2 , 10.2 , 10.2 , 1.4 , 11.6 , 17.7 , 0.2 , 6.5 , 9034 ] , [  11.7 , 6.4 , 50.9 , 2.7 , 4.9 , 18.2 , 0.8 , 4.4 , 13124 ] , [  13.4 , 7.2 , 51.3 , 0.9 , 7.0 , 15.7 , 0.8 , 3.7 , 14672 ] , [  18.3 , 8.6 , 42.7 , 1.0 , 7.1 , 17.7 , 0.5 , 4.1 , 48568 ] , [  17.9 , 9.5 , 39.0 , 1.2 , 8.2 , 17.2 , 0.5 , 6.7 , 17998 ] , [  16.1 , 9.8 , 43.8 , 0.8 , 6.4 , 19.7 , 0.4 , 3.0 , 14749 ] , [  20.9 , 6.5 , 46.0 , 1.1 , 6.5 , 16.4 , 0.5 , 2.0 , 15821 ] , [  16.2 , 9.0 , 41.1 , 0.9 , 7.3 , 18.5 , 0.7 , 6.4 , 69114 ] , [  18.5 , 8.9 , 38.4 , 1.0 , 7.4 , 16.3 , 0.6 , 8.9 , 16637 ] , [  15.6 , 11.8 , 37.1 , 0.9 , 9.1 , 19.0 , 0.7 , 5.9 , 13823 ] , [  10.4 , 10.5 , 54.3 , 0.5 , 1.1 , 20.0 , 0.4 , 2.9 , 9063 ] , [  20.2 , 8.0 , 41.4 , 1.0 , 6.9 , 16.4 , 0.6 , 5.6 , 14673 ] , [  14.0 , 6.5 , 39.5 , 0.9 , 9.5 , 21.7 , 0.9 , 7.1 , 14918 ] , [  13.8 , 10.3 , 47.6 , 1.3 , 7.1 , 13.9 , 0.7 , 5.4 , 67338 ] , [  13.3 , 11.8 , 50.7 , 2.0 , 3.0 , 15.5 , 0.6 , 3.2 , 15057 ] , [  17.2 , 10.0 , 41.6 , 1.0 , 7.6 , 15.6 , 0.6 , 6.4 , 21607 ] , [  12.7 , 7.1 , 49.3 , 1.5 , 9.5 , 13.1 , 0.6 , 6.3 , 10892 ] , [  10.3 , 16.1 , 40.5 , 0.8 , 12.1 , 12.0 , 1.0 , 7.3 , 10222 ] , [  11.8 , 5.9 , 61.7 , 1.4 , 4.6 , 10.3 , 0.7 , 3.4 , 9560 ] , [  13.4 , 10.1 , 46.7 , 1.5 , 7.5 , 13.9 , 1.0 , 5.9 , 49061 ] , [  11.9 , 9.9 , 51.3 , 2.6 , 4.5 , 15.8 , 0.8 , 3.2 , 9161 ] , [  11.8 , 9.4 , 44.2 , 1.0 , 10.1 , 15.3 , 1.0 , 7.4 , 9398 ] , [  15.2 , 8.7 , 52.2 , 0.7 , 6.4 , 11.5 , 1.1 , 4.1 , 10189 ] , [  13.9 , 11.1 , 43.1 , 1.7 , 8.3 , 13.6 , 1.0 , 7.4 , 20313 ] , [  17.3 , 10.9 , 45.9 , 1.3 , 5.3 , 10.9 , 0.8 , 7.6 , 79142 ] , [  22.0 , 10.4 , 39.3 , 1.4 , 9.0 , 11.3 , 0.5 , 6.1 , 11360 ] , [  16.7 , 7.8 , 52.2 , 1.2 , 3.0 , 11.5 , 1.6 , 6.1 , 14156 ] , [  18.3 , 13.9 , 39.7 , 1.3 , 6.7 , 11.9 , 0.7 , 7.4 , 17245 ] , [  17.5 , 11.1 , 45.9 , 1.0 , 3.9 , 10.1 , 0.7 , 9.8 , 17961 ] , [  13.5 , 9.2 , 51.9 , 2.4 , 5.3 , 8.7 , 0.3 , 8.8 , 8633 ] , [  13.9 , 11.4 , 50.4 , 1.0 , 4.3 , 11.2 , 0.7 , 7.1 , 9787 ] , [  17.0 , 8.4 , 39.2 , 1.1 , 12.8 , 12.3 , 0.8 , 8.5 , 51280 ] , [  13.8 , 6.7 , 29.3 , 1.2 , 20.1 , 14.0 , 0.8 , 14.1 , 9687 ] , [  16.6 , 8.9 , 45.4 , 1.4 , 5.0 , 14.0 , 0.8 , 8.0 , 13206 ] , [  19.7 , 9.1 , 42.2 , 0.7 , 20.1 , 5.0 , 0.8 , 2.4 , 12894 ] , [  16.9 , 8.5 , 37.7 , 1.0 , 8.8 , 15.8 , 0.8 , 10.5 , 15493 ]
])
] ,
'Kericho' : [
[
'Kenya' , 'Rural' , 'Urban' , 'KerichoCounty' , 'KipkelionEastConstituency' , 'Londiani' , 'KedowaKimugul' , 'Chepseon' , 'TendenoSorget' , 'KipkelionWestConstituency' , 'Kunyak' , 'Kamasian' , 'Kipkelion' , 'Chilchila' , 'AinamoiConstituency' , 'Kapsoit' , 'Ainamoi' , 'Kapkugerwet' , 'Kipchebor' , 'Kipchimchim' , 'Kapsaos' , 'BuretiConstituency' , 'Kisiara' , 'Tebesonik' , 'Cheboin' , 'Chemosot' , 'Litein' , 'Cheplanget' , 'Kapkatet' , 'BelgutConstituency' , 'Waldai' , 'Kabianga' , 'CheptororietSeretut' , 'Chaik' , 'Kapsuser' , 'SigowetSoinConstituency' , 'Sigowet' , 'Kaplelartet' , 'Soliat' , 'Soin' , ] ,
numpy.array([
