import numpy
edu = {
'Baringo' : [
[
'Kenya' , 'Rural' , 'Urban' , 'BaringoCounty' , 'TiatyConstituency' , 'Tirioko' , 'Kollowa' , 'Ribkwo' , 'Silale' , 'Loiyamorok' , 'TangulbeiKorossi' , 'ChuroAmaya' , 'BaringoNorthConstituency' , 'Barwessa' , 'Kabartonjo' , 'SaimoKipsaram' , 'SaimoSoi' , 'Bartabwa' , 'BaringoCentralConstituency' , 'Kabarnet' , 'Sacho' , 'Tenges' , 'EwalelChapchap' , 'Kapropita' , 'BaringoSouthConstituency' , 'Marigat' , 'Ilchamus' , 'Mochongoi' , 'Mukutan' , 'MogotioConstituency' , 'Mogotio' , 'Emining' , 'Kisanana' , 'EldamaRavineConstituency' , 'Lembus' , 'LembusKwen' , 'Ravine' , 'MumberesMajiMazuri' , 'LembusPerkerra' , 'Koibatek' , ] ,
numpy.array([
[  25.2 , 52.0 , 22.8 , 34024396 ] , [  29.5 , 54.7 , 15.9 , 23314262 ] , [  15.8 , 46.2 , 38.0 , 10710134 ] , [  35.7 , 47.9 , 16.5 , 491567 ] , [  81.6 , 15.7 , 2.8 , 117218 ] , [  91.1 , 8.1 , 0.7 , 20772 ] , [  69.1 , 27.6 , 3.3 , 17158 ] , [  76.1 , 19.5 , 4.4 , 12849 ] , [  97.9 , 1.8 , 0.3 , 19498 ] , [  71.8 , 23.3 , 4.9 , 12098 ] , [  83.7 , 14.0 , 2.3 , 15997 ] , [  73.5 , 21.6 , 4.9 , 18846 ] , [  22.2 , 59.7 , 18.2 , 84137 ] , [  25.8 , 61.7 , 12.5 , 21295 ] , [  15.0 , 58.6 , 26.4 , 17390 ] , [  16.2 , 59.0 , 24.9 , 19108 ] , [  28.5 , 58.5 , 13.1 , 15784 ] , [  28.1 , 60.6 , 11.4 , 10560 ] , [  17.0 , 55.4 , 27.7 , 71445 ] , [  16.1 , 52.6 , 31.3 , 20401 ] , [  18.9 , 58.4 , 22.7 , 13188 ] , [  19.4 , 57.9 , 22.6 , 8639 ] , [  16.6 , 59.7 , 23.7 , 14856 ] , [  15.5 , 50.3 , 34.2 , 14361 ] , [  28.3 , 58.2 , 13.5 , 70883 ] , [  24.1 , 57.8 , 18.1 , 24383 ] , [  32.7 , 58.2 , 9.1 , 14004 ] , [  25.9 , 60.5 , 13.6 , 24242 ] , [  40.6 , 52.3 , 7.1 , 8254 ] , [  23.7 , 58.3 , 18.1 , 53970 ] , [  21.4 , 55.9 , 22.6 , 24401 ] , [  23.3 , 59.7 , 17.1 , 14833 ] , [  27.8 , 60.6 , 11.6 , 14736 ] , [  17.2 , 58.0 , 24.8 , 93914 ] , [  16.9 , 64.4 , 18.7 , 18955 ] , [  16.1 , 57.7 , 26.3 , 18260 ] , [  15.5 , 50.9 , 33.6 , 14703 ] , [  18.7 , 62.7 , 18.5 , 16976 ] , [  17.3 , 53.7 , 29.0 , 14256 ] , [  19.4 , 55.3 , 25.3 , 10764 ]
])
] ,
'Bomet' : [
[
'Kenya' , 'Rural' , 'Urban' , 'BometCounty' , 'SotikConstituency' , 'NdanaiAbosi' , 'Chemagel' , 'Kipsonoi' , 'Kapletundo' , 'RongenaChebilat' , 'ChepalunguConstituency' , 'KongAsis' , 'Nyangores' , 'Sigor' , 'Chebunyo' , 'Siongiroi' , 'BometEastConstituency' , 'Merigi' , 'Kembu' , 'Longisa' , 'Kipreres' , 'Chemaner' , 'BometCentralConstituency' , 'SilibwetTownship' , 'Ndaraweta' , 'Sigorwet' , 'Cheseon' , 'Mutarakwa' , 'KonoinConstituency' , 'Chepchabas' , 'Kimulot' , 'Mogogosieki' , 'Boito' , 'Embomos' , ] ,
numpy.array([
[  25.2 , 52.0 , 22.8 , 34024396 ] , [  29.5 , 54.7 , 15.9 , 23314262 ] , [  15.8 , 46.2 , 38.0 , 10710134 ] , [  17.1 , 64.4 , 18.5 , 640827 ] , [  17.4 , 62.2 , 20.4 , 147009 ] , [  20.7 , 63.4 , 15.9 , 32550 ] , [  16.1 , 58.9 , 25.1 , 28354 ] , [  17.8 , 63.3 , 18.9 , 28852 ] , [  16.1 , 64.6 , 19.3 , 35497 ] , [  16.0 , 59.4 , 24.6 , 21756 ] , [  19.0 , 67.1 , 13.9 , 142271 ] , [  19.3 , 65.4 , 15.3 , 25543 ] , [  16.0 , 68.9 , 15.1 , 30964 ] , [  19.7 , 67.6 , 12.7 , 28764 ] , [  20.8 , 66.9 , 12.4 , 30476 ] , [  19.6 , 66.5 , 14.0 , 26524 ] , [  18.3 , 66.1 , 15.6 , 111278 ] , [  16.2 , 66.2 , 17.7 , 25576 ] , [  17.1 , 65.8 , 17.2 , 23520 ] , [  19.4 , 66.0 , 14.6 , 24838 ] , [  19.2 , 67.9 , 12.9 , 20240 ] , [  20.5 , 64.7 , 14.9 , 17104 ] , [  15.3 , 62.9 , 21.8 , 111370 ] , [  14.1 , 57.9 , 28.1 , 24425 ] , [  15.7 , 63.8 , 20.5 , 19467 ] , [  15.2 , 64.6 , 20.2 , 19302 ] , [  15.0 , 64.8 , 20.3 , 30025 ] , [  17.4 , 63.8 , 18.8 , 18151 ] , [  15.1 , 63.6 , 21.3 , 128899 ] , [  12.4 , 63.0 , 24.6 , 23156 ] , [  15.7 , 65.3 , 19.0 , 19913 ] , [  14.7 , 64.2 , 21.1 , 27319 ] , [  14.1 , 64.5 , 21.5 , 28545 ] , [  18.2 , 61.5 , 20.3 , 29966 ]
])
] ,
'Bungoma' : [
[
'Kenya' , 'Rural' , 'Urban' , 'BungomaCounty' , 'MtElgonConstituency' , 'Cheptais' , 'Chesikaki' , 'Chepyuk' , 'Kapkateny' , 'Kaptama' , 'Elgon' , 'SirisiaConstituency' , 'Namwela' , 'MalakisiSouthKulisiru' , 'Lwandanyi' , 'KabuchaiConstituency' , 'KabuchaiChwele' , 'WestNalondo' , 'BwakeLuuya' , 'Mukuyuni' , 'BumulaConstituency' , 'SouthBukusu' , 'Bumula' , 'Khasoko' , 'Kabula' , 'Kimaeti' , 'WestBukusu' , 'Siboti' , 'KanduyiConstituency' , 'BukembeWest' , 'BukembeEast' , 'Township' , 'Khalaba' , 'Musikoma' , 'EastSangAlo' , 'MarakaryTuuti' , 'WestSangAlo' , 'WebuyeEastConstituency' , 'Mihuu' , 'Ndivisi' , 'Maraka' , 'WebuyeWestConstituency' , 'Misikhu' , 'Sitikho' , 'Matulo' , 'Bokoli' , 'KimililiConstituency' , 'Kibingei' , 'Kimilili' , 'Maeni' , 'Kamukuywa' , 'TongarenConstituency' , 'Mbakalo' , 'NaitiriKabuyefwe' , 'Milima' , 'Ndalu' , 'Tongaren' , 'SoysambuMitua' , ] ,
numpy.array([
[  25.2 , 52.0 , 22.8 , 34024396 ] , [  29.5 , 54.7 , 15.9 , 23314262 ] , [  15.8 , 46.2 , 38.0 , 10710134 ] , [  17.9 , 60.9 , 21.2 , 1195784 ] , [  19.4 , 64.1 , 16.5 , 150119 ] , [  20.2 , 61.3 , 18.6 , 24902 ] , [  18.0 , 61.8 , 20.2 , 20913 ] , [  20.3 , 69.6 , 10.1 , 22064 ] , [  20.1 , 66.0 , 13.9 , 24935 ] , [  19.1 , 66.6 , 14.3 , 29407 ] , [  18.9 , 59.4 , 21.7 , 27898 ] , [  18.0 , 62.1 , 19.9 , 89384 ] , [  16.9 , 61.2 , 22.0 , 23873 ] , [  18.6 , 61.3 , 20.1 , 30705 ] , [  18.3 , 63.4 , 18.4 , 34806 ] , [  17.6 , 60.8 , 21.6 , 123338 ] , [  17.0 , 59.4 , 23.6 , 31133 ] , [  18.3 , 61.4 , 20.3 , 29108 ] , [  18.3 , 60.9 , 20.9 , 29904 ] , [  16.9 , 61.5 , 21.6 , 33193 ] , [  20.3 , 64.7 , 14.9 , 155349 ] , [  18.7 , 64.2 , 17.1 , 20449 ] , [  22.5 , 63.2 , 14.3 , 27730 ] , [  22.1 , 63.0 , 14.9 , 11857 ] , [  20.0 , 62.4 , 17.6 , 18022 ] , [  19.1 , 67.3 , 13.6 , 31700 ] , [  20.0 , 64.7 , 15.3 , 17377 ] , [  20.5 , 66.0 , 13.6 , 28214 ] , [  17.1 , 57.2 , 25.7 , 196930 ] , [  18.0 , 61.1 , 20.9 , 17943 ] , [  15.3 , 55.6 , 29.1 , 22179 ] , [  11.2 , 42.6 , 46.2 , 15263 ] , [  11.7 , 45.8 , 42.4 , 21673 ] , [  17.6 , 58.8 , 23.6 , 33024 ] , [  19.3 , 63.0 , 17.7 , 27598 ] , [  19.3 , 60.9 , 19.8 , 30388 ] , [  20.0 , 60.9 , 19.1 , 28862 ] , [  16.9 , 59.1 , 24.0 , 89042 ] , [  17.1 , 61.3 , 21.6 , 33237 ] , [  17.6 , 59.2 , 23.2 , 34651 ] , [  15.6 , 55.4 , 29.0 , 21154 ] , [  17.5 , 58.5 , 24.1 , 111696 ] , [  17.1 , 62.6 , 20.3 , 27492 ] , [  20.0 , 61.7 , 18.3 , 26260 ] , [  15.8 , 51.4 , 32.8 , 29235 ] , [  17.2 , 58.7 , 24.0 , 28709 ] , [  17.1 , 61.0 , 21.8 , 115350 ] , [  17.0 , 58.0 , 25.1 , 30329 ] , [  16.5 , 60.1 , 23.5 , 31088 ] , [  17.7 , 63.5 , 18.9 , 21299 ] , [  17.5 , 63.2 , 19.2 , 32634 ] , [  16.7 , 61.0 , 22.3 , 164576 ] , [  17.8 , 62.0 , 20.2 , 28112 ] , [  17.1 , 60.9 , 22.0 , 33447 ] , [  15.1 , 59.5 , 25.4 , 29195 ] , [  16.6 , 59.1 , 24.4 , 18612 ] , [  16.4 , 61.3 , 22.3 , 29810 ] , [  16.9 , 62.8 , 20.3 , 25400 ]
])
] ,
'Busia' : [
[
'Kenya' , 'Rural' , 'Urban' , 'BusiaCounty' , 'TesoNorthConstituency' , 'MalabaCentral' , 'MalabaNorth' , 'AngUraiSouth' , 'AngUraiNorth' , 'AngUraiEast' , 'MalabaSouth' , 'TesoSouthConstituency' , 'Angorom' , 'ChakolSouth' , 'ChakolNorth' , 'AmukuraWest' , 'AmukuraEast' , 'AmukuraCentral' , 'NambaleConstituency' , 'Nambale' , 'BukhayoNorthWalatsi' , 'BukhayoEast' , 'BukhayoCentral' , 'MatayosConstituency' , 'BukhayoWest' , 'Mayenje' , 'MatayosSouth' , 'Busibwabo' , 'Burumba' , 'ButulaConstituency' , 'MarachiWest' , 'Kingandole' , 'MarachiCentral' , 'MarachiEast' , 'MarachiNorth' , 'Elugulu' , 'FunyulaConstituency' , 'NambobotoNambuku' , 'Nangina' , 'AgengaNanguba' , 'Bwiri' , 'BudalangiConstituency' , 'BunyalaCentral' , 'BunyalaNorth' , 'BunyalaWest' , 'BunyalaSouth' , ] ,
numpy.array([
[  25.2 , 52.0 , 22.8 , 34024396 ] , [  29.5 , 54.7 , 15.9 , 23314262 ] , [  15.8 , 46.2 , 38.0 , 10710134 ] , [  22.7 , 61.8 , 15.5 , 647461 ] , [  19.5 , 61.9 , 18.7 , 102128 ] , [  18.4 , 53.6 , 28.1 , 21201 ] , [  23.7 , 62.9 , 13.5 , 12057 ] , [  17.8 , 64.4 , 17.8 , 18362 ] , [  19.3 , 64.3 , 16.4 , 20512 ] , [  16.3 , 63.9 , 19.8 , 13382 ] , [  22.4 , 64.2 , 13.5 , 16614 ] , [  24.3 , 60.9 , 14.8 , 119749 ] , [  16.4 , 53.0 , 30.6 , 22498 ] , [  27.7 , 60.8 , 11.5 , 27705 ] , [  28.3 , 62.9 , 8.9 , 16363 ] , [  25.5 , 64.0 , 10.6 , 14930 ] , [  23.5 , 64.2 , 12.2 , 20179 ] , [  25.6 , 62.8 , 11.6 , 18074 ] , [  21.9 , 63.3 , 14.8 , 82321 ] , [  21.3 , 60.5 , 18.2 , 28082 ] , [  21.8 , 66.2 , 12.0 , 19379 ] , [  22.1 , 63.1 , 14.9 , 18897 ] , [  23.0 , 64.7 , 12.3 , 15963 ] , [  21.0 , 60.8 , 18.2 , 95616 ] , [  22.1 , 63.1 , 14.8 , 28828 ] , [  22.7 , 60.4 , 16.9 , 8091 ] , [  23.6 , 63.1 , 13.2 , 26994 ] , [  22.6 , 66.6 , 10.9 , 9799 ] , [  15.1 , 52.3 , 32.6 , 21904 ] , [  25.0 , 62.9 , 12.1 , 106315 ] , [  24.2 , 61.1 , 14.8 , 17906 ] , [  26.1 , 63.1 , 10.8 , 15994 ] , [  25.2 , 62.0 , 12.8 , 17452 ] , [  24.1 , 65.1 , 10.8 , 17952 ] , [  27.0 , 61.2 , 11.9 , 20650 ] , [  23.3 , 65.4 , 11.3 , 16361 ] , [  22.7 , 62.2 , 15.2 , 82776 ] , [  22.9 , 62.0 , 15.1 , 24909 ] , [  19.7 , 62.7 , 17.7 , 17871 ] , [  22.9 , 61.8 , 15.3 , 22536 ] , [  25.1 , 62.3 , 12.6 , 17460 ] , [  24.5 , 60.5 , 15.0 , 58556 ] , [  27.3 , 59.0 , 13.7 , 9184 ] , [  24.9 , 60.8 , 14.2 , 18425 ] , [  22.3 , 60.1 , 17.6 , 18586 ] , [  25.1 , 61.6 , 13.3 , 12361 ]
])
] ,
'Elgeyo Marakwet' : [
[
'Kenya' , 'Rural' , 'Urban' , 'ElgeyoMarakwetCounty' , 'MarakwetEastConstituency' , 'Kapyego' , 'Sambirir' , 'Endo' , 'EmbobutEmbulot' , 'MarakwetWestConstituency' , 'Lelan' , 'Sengwer' , 'CheraganyChebororwa' , 'MoibenKuserwo' , 'Kapsowar' , 'Arror' , 'KeiyoNorthConstituency' , 'Kimariny' , 'Emsoo' , 'Tambach' , 'Kapchemutwa' , 'KeiyoSouthConstituency' , 'Kaptarakwa' , 'Chepkorio' , 'SoyNorth' , 'SoySouth' , 'Kabiemit' , 'Metkei' , ] ,
numpy.array([
[  25.2 , 52.0 , 22.8 , 34024396 ] , [  29.5 , 54.7 , 15.9 , 23314262 ] , [  15.8 , 46.2 , 38.0 , 10710134 ] , [  20.2 , 61.5 , 18.3 , 326682 ] , [  27.2 , 60.2 , 12.7 , 68878 ] , [  21.3 , 65.4 , 13.3 , 14891 ] , [  24.7 , 60.6 , 14.8 , 19914 ] , [  31.3 , 55.1 , 13.6 , 21058 ] , [  31.0 , 61.8 , 7.2 , 13015 ] , [  19.4 , 62.9 , 17.7 , 95080 ] , [  19.9 , 64.0 , 16.2 , 17662 ] , [  20.6 , 65.4 , 14.0 , 16593 ] , [  19.6 , 67.0 , 13.5 , 15906 ] , [  18.6 , 59.6 , 21.8 , 17113 ] , [  17.9 , 59.8 , 22.3 , 22009 ] , [  22.6 , 62.1 , 15.3 , 5797 ] , [  16.7 , 60.3 , 23.0 , 65692 ] , [  15.9 , 61.8 , 22.3 , 22519 ] , [  21.9 , 63.6 , 14.5 , 8592 ] , [  18.0 , 61.7 , 20.3 , 13936 ] , [  14.5 , 56.3 , 29.1 , 20645 ] , [  18.5 , 61.9 , 19.6 , 97032 ] , [  16.3 , 62.3 , 21.3 , 16728 ] , [  17.4 , 58.9 , 23.8 , 20906 ] , [  20.7 , 65.5 , 13.8 , 12923 ] , [  20.4 , 63.6 , 15.9 , 18019 ] , [  18.8 , 61.3 , 19.9 , 17017 ] , [  17.7 , 61.2 , 21.1 , 11439 ]
])
] ,
'Embu' : [
[
'Kenya' , 'Rural' , 'Urban' , 'EmbuCounty' , 'ManyattaConstituency' , 'RuguruNgandori' , 'Kithimu' , 'Nginda' , 'MbetiNorth' , 'Kirimani' , 'GaturiSouth' , 'RunyenjesConstituency' , 'GaturiNorth' , 'KagaariSouth' , 'Central' , 'KagaariNorth' , 'KyeniNorthWest' , 'KyeniSouth' , 'MbeereSouthConstituency' , 'Mwea' , 'Makima' , 'MbetiSouth' , 'Mavuria' , 'Kiambere' , 'MbeereNorthConstituency' , 'Nthawa' , 'Muminji' , 'Evurore' , ] ,
numpy.array([
[  25.2 , 52.0 , 22.8 , 34024396 ] , [  29.5 , 54.7 , 15.9 , 23314262 ] , [  15.8 , 46.2 , 38.0 , 10710134 ] , [  15.3 , 60.2 , 24.5 , 464681 ] , [  13.3 , 54.5 , 32.2 , 139012 ] , [  14.3 , 56.1 , 29.6 , 25426 ] , [  16.4 , 62.9 , 20.7 , 17547 ] , [  14.4 , 63.8 , 21.8 , 26200 ] , [  11.7 , 47.3 , 41.0 , 29518 ] , [  10.4 , 44.4 , 45.1 , 27837 ] , [  14.1 , 59.8 , 26.1 , 12484 ] , [  13.4 , 61.2 , 25.5 , 130199 ] , [  14.7 , 59.6 , 25.8 , 22438 ] , [  14.1 , 64.8 , 21.1 , 18418 ] , [  11.9 , 60.9 , 27.1 , 21446 ] , [  13.8 , 58.5 , 27.6 , 23215 ] , [  12.6 , 60.7 , 26.7 , 19372 ] , [  13.2 , 62.8 , 24.0 , 25310 ] , [  18.0 , 63.1 , 18.9 , 116213 ] , [  18.1 , 62.6 , 19.4 , 27046 ] , [  18.6 , 67.2 , 14.2 , 18830 ] , [  15.4 , 61.9 , 22.8 , 26607 ] , [  18.2 , 60.9 , 20.9 , 30288 ] , [  21.6 , 65.7 , 12.7 , 13442 ] , [  18.2 , 64.2 , 17.6 , 79257 ] , [  14.3 , 64.2 , 21.6 , 24049 ] , [  19.8 , 64.3 , 15.9 , 14879 ] , [  19.9 , 64.1 , 15.9 , 40329 ]
])
] ,
'Garissa' : [
[
'Kenya' , 'Rural' , 'Urban' , 'GarissaCounty' , 'GarissaTownshipConstituency' , 'Waberi' , 'Galbet' , 'Township' , 'Iftin' , 'BalambalaConstituency' , 'Balambala' , 'Danyere' , 'Jarajara' , 'Saka' , 'Sankuri' , 'LagderaConstituency' , 'Modogashe' , 'Benane' , 'Goreale' , 'Maalamin' , 'Sabena' , 'Baraki' , 'DadaabConstituency' , 'Dertu' , 'Dadaab' , 'Labisigale' , 'Damajale' , 'Liboi' , 'Abakaile' , 'FafiConstituency' , 'Bura' , 'Dekaharia' , 'Jarajila' , 'Fafi' , 'Nanighi' , 'IjaraConstituency' , 'Hulugho' , 'Sangailu' , 'Ijara' , 'Masalani' , ] ,
numpy.array([
[  25.2 , 52.0 , 22.8 , 34024396 ] , [  29.5 , 54.7 , 15.9 , 23314262 ] , [  15.8 , 46.2 , 38.0 , 10710134 ] , [  74.4 , 19.7 , 5.9 , 433709 ] , [  52.2 , 32.0 , 15.9 , 101809 ] , [  65.4 , 26.3 , 8.3 , 18109 ] , [  49.3 , 35.0 , 15.7 , 38110 ] , [  40.0 , 34.4 , 25.6 , 18857 ] , [  55.9 , 29.9 , 14.3 , 26733 ] , [  89.5 , 9.1 , 1.4 , 66776 ] , [  90.0 , 8.4 , 1.7 , 18760 ] , [  91.7 , 7.4 , 0.9 , 22959 ] , [  93.8 , 4.5 , 1.7 , 6834 ] , [  82.5 , 15.9 , 1.6 , 8745 ] , [  86.7 , 11.6 , 1.7 , 9478 ] , [  84.9 , 12.8 , 2.4 , 86062 ] , [  84.5 , 12.2 , 3.3 , 26899 ] , [  84.5 , 13.2 , 2.3 , 12109 ] , [  79.9 , 17.2 , 2.9 , 9571 ] , [  86.6 , 12.9 , 0.5 , 9883 ] , [  86.5 , 11.6 , 2.0 , 18407 ] , [  86.4 , 11.4 , 2.2 , 9193 ] , [  82.8 , 14.6 , 2.7 , 61717 ] , [  80.5 , 19.0 , 0.5 , 13580 ] , [  70.8 , 21.9 , 7.3 , 13727 ] , [  86.3 , 11.2 , 2.5 , 4857 ] , [  94.3 , 4.4 , 1.3 , 8515 ] , [  81.3 , 15.6 , 3.2 , 10030 ] , [  91.4 , 8.2 , 0.4 , 11008 ] , [  83.5 , 14.1 , 2.4 , 32815 ] , [  73.6 , 21.4 , 5.1 , 4577 ] , [  88.3 , 10.8 , 0.8 , 8544 ] , [  83.0 , 13.0 , 4.1 , 8569 ] , [  91.4 , 8.1 , 0.6 , 4551 ] , [  79.3 , 18.9 , 1.8 , 6574 ] , [  68.9 , 26.3 , 4.8 , 84530 ] , [  77.9 , 20.1 , 2.0 , 19015 ] , [  70.3 , 25.7 , 4.0 , 21678 ] , [  72.0 , 24.2 , 3.7 , 14353 ] , [  60.7 , 31.6 , 7.7 , 29484 ]
])
] ,
'HomaBay' : [
[
'Kenya' , 'Rural' , 'Urban' , 'HomaBayCounty' , 'KasipulConstituency' , 'WestKasipul' , 'SouthKasipul' , 'CentralKasipul' , 'EastKamagak' , 'WestKamagak' , 'KabondoKasipulConstituency' , 'KabondoEast' , 'KabondoWest' , 'KokwanyoKakelo' , 'Kojwach' , 'KarachuonyoConstituency' , 'WestKarachuonyo' , 'NorthKarachuonyo' , 'Central' , 'Kanyaluo' , 'Kibiri' , 'Wangchieng' , 'KenduBayTown' , 'RangweConstituency' , 'WestGem' , 'EastGem' , 'Kagan' , 'Kochia' , 'HomaBayTownConstituency' , 'HomaBayCentral' , 'HomaBayArujo' , 'HomaBayWest' , 'HomaBayEast' , 'NdhiwaConstituency' , 'Kwabwai' , 'Kanyadoto' , 'Kanyikela' , 'KabuochNorth' , 'KabuochPala' , 'KanyamwaKologi' , 'KanyamwaKosewe' , 'SubaNorthConstituency' , 'MfanganoIsland' , 'RusingaIsland' , 'Kasgunga' , 'Gembe' , 'Lambwe' , 'SubaSouthConstituency' , 'GwassiSouth' , 'GwassiNorth' , 'KaksingiriWest' , 'KaksingiriEast' , ] ,
numpy.array([
[  25.2 , 52.0 , 22.8 , 34024396 ] , [  29.5 , 54.7 , 15.9 , 23314262 ] , [  15.8 , 46.2 , 38.0 , 10710134 ] , [  19.8 , 62.9 , 17.3 , 836555 ] , [  18.4 , 60.2 , 21.4 , 98310 ] , [  21.1 , 63.1 , 15.8 , 22537 ] , [  17.3 , 57.6 , 25.1 , 22339 ] , [  19.8 , 62.0 , 18.2 , 22872 ] , [  16.4 , 66.1 , 17.5 , 12702 ] , [  16.0 , 53.2 , 30.8 , 17860 ] , [  20.0 , 62.1 , 17.9 , 94175 ] , [  19.0 , 62.2 , 18.8 , 28037 ] , [  21.0 , 61.8 , 17.2 , 27273 ] , [  20.7 , 63.1 , 16.2 , 23153 ] , [  18.9 , 61.2 , 19.9 , 15712 ] , [  18.3 , 62.5 , 19.2 , 142983 ] , [  18.6 , 63.4 , 18.0 , 23018 ] , [  19.0 , 62.8 , 18.3 , 20811 ] , [  16.4 , 61.3 , 22.3 , 18338 ] , [  18.6 , 63.2 , 18.2 , 16623 ] , [  18.7 , 62.0 , 19.3 , 17039 ] , [  20.1 , 64.6 , 15.4 , 29152 ] , [  15.3 , 58.9 , 25.8 , 18002 ] , [  20.4 , 64.0 , 15.7 , 85665 ] , [  22.2 , 65.2 , 12.6 , 16890 ] , [  22.5 , 62.3 , 15.2 , 19143 ] , [  17.4 , 65.4 , 17.3 , 26642 ] , [  20.8 , 62.8 , 16.4 , 22990 ] , [  18.6 , 59.4 , 22.0 , 82299 ] , [  16.9 , 55.4 , 27.8 , 26215 ] , [  16.0 , 55.5 , 28.5 , 21354 ] , [  20.0 , 64.6 , 15.3 , 10700 ] , [  22.1 , 65.0 , 12.9 , 24030 ] , [  22.3 , 65.9 , 11.8 , 148443 ] , [  24.3 , 64.8 , 10.9 , 27013 ] , [  20.6 , 66.4 , 13.0 , 14127 ] , [  16.8 , 71.1 , 12.1 , 5517 ] , [  22.4 , 65.6 , 12.0 , 30542 ] , [  24.1 , 67.3 , 8.6 , 22552 ] , [  21.6 , 67.5 , 10.9 , 20135 ] , [  21.6 , 63.8 , 14.6 , 28557 ] , [  18.7 , 61.9 , 19.4 , 96795 ] , [  17.4 , 60.8 , 21.7 , 22598 ] , [  18.7 , 61.6 , 19.7 , 21264 ] , [  18.5 , 57.3 , 24.1 , 17247 ] , [  19.9 , 64.5 , 15.7 , 16332 ] , [  19.5 , 65.3 , 15.2 , 19354 ] , [  21.3 , 65.2 , 13.5 , 87885 ] , [  21.2 , 64.7 , 14.1 , 29739 ] , [  21.0 , 67.4 , 11.7 , 25733 ] , [  21.6 , 63.4 , 15.0 , 22155 ] , [  22.0 , 64.9 , 13.1 , 10258 ]
])
] ,
'Isiolo' : [
[
'Kenya' , 'Rural' , 'Urban' , 'IsioloCounty' , 'IsioloNorthConstituency' , 'Wabera' , 'BulaPesa' , 'Chari' , 'Cherab' , 'NgareMara' , 'Burat' , 'Oldonyiro' , 'IsioloSouthConstituency' , 'Garbatulla' , 'Kinna' , 'Sericho' , ] ,
numpy.array([
[  25.2 , 52.0 , 22.8 , 34024396 ] , [  29.5 , 54.7 , 15.9 , 23314262 ] , [  15.8 , 46.2 , 38.0 , 10710134 ] , [  51.1 , 36.1 , 12.9 , 125192 ] , [  47.1 , 37.3 , 15.7 , 86578 ] , [  26.8 , 44.1 , 29.1 , 14694 ] , [  24.3 , 46.8 , 29.0 , 20127 ] , [  52.9 , 40.9 , 6.2 , 4244 ] , [  53.9 , 39.0 , 7.1 , 13885 ] , [  61.4 , 27.0 , 11.6 , 4286 ] , [  53.0 , 38.9 , 8.1 , 15884 ] , [  82.8 , 13.9 , 3.3 , 13458 ] , [  60.0 , 33.4 , 6.6 , 38614 ] , [  67.7 , 26.9 , 5.4 , 14575 ] , [  55.7 , 36.8 , 7.5 , 13187 ] , [  54.7 , 38.2 , 7.0 , 10852 ]
])
] ,
'Kajiado' : [
[
'Kenya' , 'Rural' , 'Urban' , 'KajiadoCounty' , 'KajiadoNorthConstituency' , 'Olkeri' , 'OngatRongai' , 'Nkaimurunya' , 'Oloolua' , 'Ngong' , 'KajiadoCentralConstituency' , 'Purko' , 'Ildamat' , 'Dalalekutuk' , 'MatapatoNorth' , 'MatapatoSouth' , 'KajiadoEastConstituency' , 'KaputieiNorth' , 'Kitengela' , 'OloosirkonSholinke' , 'KenyewaPoka' , 'Imaroro' , 'KajiadoWestConstituency' , 'Keekonyokie' , 'Oloodokilan' , 'Magadi' , 'EwuasoKedong' , 'Mosiro' , 'KajiadoSouthConstituency' , 'EntonetLengism' , 'ImbirikaniEsselengei' , 'Kuku' , 'Rombo' , 'Kimana' , ] ,
numpy.array([
[  25.2 , 52.0 , 22.8 , 34024396 ] , [  29.5 , 54.7 , 15.9 , 23314262 ] , [  15.8 , 46.2 , 38.0 , 10710134 ] , [  30.7 , 41.6 , 27.8 , 605224 ] , [  11.2 , 39.8 , 49.0 , 174486 ] , [  11.3 , 43.9 , 44.9 , 37675 ] , [  10.1 , 31.3 , 58.7 , 40374 ] , [  12.0 , 42.5 , 45.5 , 49716 ] , [  11.2 , 40.2 , 48.6 , 30475 ] , [  11.3 , 42.2 , 46.5 , 16246 ] , [  48.0 , 38.1 , 13.8 , 90694 ] , [  48.2 , 44.1 , 7.7 , 4747 ] , [  29.2 , 43.8 , 27.0 , 8615 ] , [  36.4 , 44.0 , 19.6 , 24673 ] , [  60.7 , 31.7 , 7.6 , 25768 ] , [  52.5 , 36.1 , 11.5 , 26891 ] , [  20.6 , 44.9 , 34.5 , 120098 ] , [  25.0 , 48.7 , 26.3 , 25944 ] , [  10.8 , 36.7 , 52.5 , 27643 ] , [  13.4 , 40.9 , 45.7 , 29356 ] , [  31.2 , 49.0 , 19.9 , 21841 ] , [  29.5 , 55.0 , 15.5 , 15314 ] , [  46.4 , 37.5 , 16.0 , 101249 ] , [  28.4 , 46.0 , 25.6 , 34581 ] , [  55.0 , 39.2 , 5.8 , 14280 ] , [  58.7 , 30.4 , 10.9 , 21846 ] , [  47.8 , 36.3 , 15.9 , 25677 ] , [  87.2 , 10.7 , 2.1 , 4865 ] , [  42.8 , 46.9 , 10.4 , 118697 ] , [  55.8 , 39.2 , 5.0 , 20190 ] , [  56.0 , 37.2 , 6.8 , 15835 ] , [  36.7 , 49.4 , 14.0 , 32236 ] , [  37.6 , 51.2 , 11.2 , 32996 ] , [  36.5 , 51.8 , 11.7 , 17440 ]
])
] ,
'Kakamega' : [
[
'Kenya' , 'Rural' , 'Urban' , 'KakamegaCounty' , 'LugariConstituency' , 'Mautuma' , 'Lugari' , 'Lumakanda' , 'Chekalini' , 'Chevaywa' , 'Luandeti' , 'LikuyaniConstituency' , 'Likuyani' , 'Sango' , 'Kongoni' , 'Nzoia' , 'Sinoko' , 'MalavaConstituency' , 'WestKabras' , 'Chemuche' , 'EastKabras' , 'ButaliChegulo' , 'MandaShivanga' , 'ShiruguMugai' , 'SouthKabras' , 'LurambiConstituency' , 'ButsotsoEast' , 'SouthButsotso' , 'CentralButsotso' , 'Shieywe' , 'Mahiakalo' , 'Shirere' , 'NavakholoConstituency' , 'IngotseMatiha' , 'ShinoyiShikomariEsumeiya' , 'BunyalaWest' , 'BunyalaEast' , 'BunyalaCentral' , 'MumiasWestConstituency' , 'MumiasCentral' , 'MumiasNorth' , 'Etenje' , 'Musanda' , 'MumiasEastConstituency' , 'LusheyaLubinu' , 'MalahaIsongoMakunga' , 'EastWanga' , 'MatunguConstituency' , 'Koyonzo' , 'Kholera' , 'Khalaba' , 'Mayoni' , 'Namamali' , 'ButereConstituency' , 'MaramaWest' , 'MaramaCentral' , 'MarenyoShianda' , 'MaramaNorth' , 'MaramaSouth' , 'KhwiseroConstituency' , 'KisaNorth' , 'KisaEast' , 'KisaWest' , 'KisaCentral' , 'ShinyaluConstituency' , 'IsukhaNorth' , 'Murhanda' , 'IsukhaCentral' , 'IsukhaSouth' , 'IsukhaEast' , 'IsukhaWest' , 'IkolomaniConstituency' , 'IdakhoSouth' , 'IdakhoEast' , 'IdakhoNorth' , 'IdakhoCentral' , ] ,
numpy.array([
[  25.2 , 52.0 , 22.8 , 34024396 ] , [  29.5 , 54.7 , 15.9 , 23314262 ] , [  15.8 , 46.2 , 38.0 , 10710134 ] , [  20.6 , 60.9 , 18.5 , 1449141 ] , [  16.8 , 62.7 , 20.5 , 146571 ] , [  15.8 , 64.8 , 19.5 , 21826 ] , [  17.2 , 63.9 , 18.9 , 27681 ] , [  15.8 , 60.4 , 23.8 , 26481 ] , [  16.8 , 58.4 , 24.9 , 17472 ] , [  18.3 , 64.2 , 17.5 , 28927 ] , [  16.8 , 63.2 , 20.0 , 24184 ] , [  18.5 , 60.6 , 21.0 , 110452 ] , [  18.3 , 60.3 , 21.4 , 24125 ] , [  21.1 , 61.8 , 17.2 , 20268 ] , [  17.2 , 61.3 , 21.5 , 20941 ] , [  16.7 , 59.7 , 23.6 , 26546 ] , [  19.6 , 60.0 , 20.4 , 18572 ] , [  19.4 , 61.3 , 19.3 , 179047 ] , [  21.7 , 62.8 , 15.5 , 22575 ] , [  16.7 , 60.6 , 22.7 , 25994 ] , [  20.3 , 61.9 , 17.8 , 19859 ] , [  17.9 , 59.7 , 22.4 , 28016 ] , [  19.8 , 61.6 , 18.6 , 27943 ] , [  19.1 , 60.7 , 20.2 , 21682 ] , [  20.7 , 62.0 , 17.3 , 32978 ] , [  16.7 , 53.7 , 29.6 , 138132 ] , [  22.8 , 61.3 , 15.9 , 20386 ] , [  20.2 , 62.1 , 17.7 , 15252 ] , [  20.2 , 59.9 , 20.0 , 22673 ] , [  12.8 , 47.1 , 40.1 , 42275 ] , [  15.2 , 50.5 , 34.4 , 9791 ] , [  13.8 , 49.6 , 36.6 , 27755 ] , [  21.7 , 62.8 , 15.6 , 118270 ] , [  23.4 , 62.4 , 14.2 , 18902 ] , [  23.3 , 61.4 , 15.3 , 22054 ] , [  21.2 , 63.7 , 15.1 , 33012 ] , [  20.6 , 61.6 , 17.8 , 19232 ] , [  20.3 , 64.0 , 15.7 , 25070 ] , [  22.2 , 57.1 , 20.7 , 97580 ] , [  21.9 , 53.8 , 24.4 , 32172 ] , [  15.4 , 45.6 , 39.0 , 14101 ] , [  24.7 , 62.5 , 12.8 , 24524 ] , [  24.0 , 62.0 , 14.0 , 26783 ] , [  23.2 , 60.4 , 16.4 , 87609 ] , [  24.4 , 60.3 , 15.3 , 32179 ] , [  22.3 , 61.6 , 16.1 , 27125 ] , [  22.8 , 59.3 , 17.9 , 28305 ] , [  25.0 , 61.8 , 13.2 , 127091 ] , [  25.1 , 63.4 , 11.6 , 31096 ] , [  24.2 , 60.3 , 15.5 , 25246 ] , [  24.3 , 64.2 , 11.4 , 16931 ] , [  26.0 , 59.9 , 14.1 , 26249 ] , [  25.1 , 61.7 , 13.2 , 27569 ] , [  22.4 , 62.6 , 15.0 , 122538 ] , [  21.2 , 63.3 , 15.5 , 27388 ] , [  24.1 , 60.0 , 15.9 , 38707 ] , [  22.1 , 64.7 , 13.2 , 20305 ] , [  20.8 , 63.3 , 15.9 , 18490 ] , [  22.5 , 63.9 , 13.6 , 17648 ] , [  21.1 , 64.5 , 14.4 , 90164 ] , [  20.5 , 64.6 , 15.0 , 16885 ] , [  20.4 , 64.8 , 14.8 , 17436 ] , [  22.0 , 65.7 , 12.2 , 18677 ] , [  21.2 , 63.8 , 15.0 , 37166 ] , [  21.0 , 62.5 , 16.5 , 139375 ] , [  18.0 , 62.7 , 19.3 , 19837 ] , [  21.9 , 63.5 , 14.6 , 24933 ] , [  20.8 , 62.5 , 16.6 , 30155 ] , [  22.1 , 60.9 , 17.0 , 31512 ] , [  20.2 , 66.4 , 13.4 , 15538 ] , [  22.3 , 60.2 , 17.5 , 17400 ] , [  22.3 , 61.0 , 16.6 , 92312 ] , [  24.0 , 60.9 , 15.1 , 17996 ] , [  19.7 , 61.2 , 19.1 , 23798 ] , [  22.0 , 62.2 , 15.8 , 22746 ] , [  23.8 , 60.0 , 16.2 , 27772 ]
])
] ,
'Kericho' : [
[
'Kenya' , 'Rural' , 'Urban' , 'KerichoCounty' , 'KipkelionEastConstituency' , 'Londiani' , 'KedowaKimugul' , 'Chepseon' , 'TendenoSorget' , 'KipkelionWestConstituency' , 'Kunyak' , 'Kamasian' , 'Kipkelion' , 'Chilchila' , 'AinamoiConstituency' , 'Kapsoit' , 'Ainamoi' , 'Kapkugerwet' , 'Kipchebor' , 'Kipchimchim' , 'Kapsaos' , 'BuretiConstituency' , 'Kisiara' , 'Tebesonik' , 'Cheboin' , 'Chemosot' , 'Litein' , 'Cheplanget' , 'Kapkatet' , 'BelgutConstituency' , 'Waldai' , 'Kabianga' , 'CheptororietSeretut' , 'Chaik' , 'Kapsuser' , 'SigowetSoinConstituency' , 'Sigowet' , 'Kaplelartet' , 'Soliat' , 'Soin' , ] ,
numpy.array([
[  25.2 , 52.0 , 22.8 , 34024396 ] , [  29.5 , 54.7 , 15.9 , 23314262 ] , [  15.8 , 46.2 , 38.0 , 10710134 ] , [  15.9 , 61.7 , 22.4 , 660254 ] , [  17.6 , 62.4 , 20.0 , 95782 ] , [  18.8 , 60.5 , 20.7 , 21772 ] , [  17.5 , 61.8 , 20.7 , 32025 ] , [  16.3 , 62.2 , 21.5 , 32103 ] , [  18.9 , 69.5 , 11.6 , 9882 ] , [  19.4 , 65.8 , 14.7 , 86610 ] , [  21.1 , 66.9 , 12.0 , 19034 ] , [  18.6 , 65.2 , 16.2 , 17647 ] , [  19.2 , 64.3 , 16.5 , 22596 ] , [  19.1 , 66.7 , 14.2 , 27333 ] , [  14.4 , 57.8 , 27.8 , 123974 ] , [  14.9 , 61.0 , 24.1 , 24762 ] , [  17.0 , 66.1 , 17.0 , 15438 ] , [  12.0 , 46.0 , 42.1 , 23516 ] , [  10.3 , 49.9 , 39.8 , 23985 ] , [  13.0 , 57.7 , 29.3 , 10474 ] , [  18.7 , 68.1 , 13.1 , 25799 ] , [  14.4 , 61.8 , 23.8 , 147397 ] , [  14.4 , 63.7 , 22.0 , 19015 ] , [  13.9 , 61.3 , 24.8 , 18768 ] , [  12.9 , 60.3 , 26.8 , 20273 ] , [  14.0 , 64.6 , 21.4 , 23589 ] , [  12.8 , 57.2 , 30.1 , 22876 ] , [  17.9 , 65.3 , 16.7 , 23539 ] , [  14.3 , 60.0 , 25.7 , 19337 ] , [  13.9 , 59.8 , 26.3 , 114630 ] , [  15.3 , 61.2 , 23.5 , 29437 ] , [  14.7 , 61.3 , 24.0 , 31122 ] , [  13.9 , 62.2 , 24.0 , 18545 ] , [  11.0 , 54.4 , 34.6 , 18110 ] , [  13.2 , 57.8 , 29.1 , 17416 ] , [  17.9 , 64.5 , 17.6 , 91861 ] , [  16.1 , 65.6 , 18.3 , 31760 ] , [  18.6 , 61.5 , 20.0 , 27760 ] , [  18.9 , 64.1 , 17.0 , 14165 ] , [  19.4 , 67.4 , 13.3 , 18176 ]
])
] ,
'Kiambu' : [
[
'Kenya' , 'Rural' , 'Urban' , 'KiambuCounty' , 'GatunduSouthConstituency' , 'Kiamwangi' , 'Kiganjo' , 'Ndarugu' , 'Ngenda' , 'GatunduNorthConstituency' , 'Gituamba' , 'Githobokoni' , 'Chania' , 'Mangu' , 'JujaConstituency' , 'Murera' , 'Theta' , 'Juja' , 'Witeithie' , 'Kalimoni' , 'ThikaTownConstituency' , 'Township' , 'Kamenu' , 'Hospital' , 'Gatuanyaga' , 'Ngoliba' , 'RuiruConstituency' , 'Gitothua' , 'Biashara' , 'Gatongora' , 'KahawaSukari' , 'KahawaWendani' , 'Kiuu' , 'Mwiki' , 'Mwihoko' , 'GithunguriConstituency' , 'Githunguri' , 'Githiga' , 'Ikinu' , 'Ngewa' , 'Komothai' , 'KiambuConstituency' , 'Tinganga' , 'Ndumberi' , 'Riabai' , 'Township' , 'KiambaaConstituency' , 'Cianda' , 'Karuri' , 'Ndenderu' , 'Muchatha' , 'Kihara' , 'KabeteConstituency' , 'Gitaru' , 'Muguga' , 'Nyathuna' , 'Kabete' , 'Uthiru' , 'KikuyuConstituency' , 'Karai' , 'Nachu' , 'Sigona' , 'Kikuyu' , 'Kinoo' , 'LimuruConstituency' , 'Bibirioni' , 'LimuruCentral' , 'Ndeiya' , 'LimuruEast' , 'NgechaTigoni' , 'LariConstituency' , 'Kinale' , 'Kijabe' , 'Nyanduma' , 'Kamburu' , 'LariKirenga' , ] ,
numpy.array([
[  25.2 , 52.0 , 22.8 , 34024396 ] , [  29.5 , 54.7 , 15.9 , 23314262 ] , [  15.8 , 46.2 , 38.0 , 10710134 ] , [  12.0 , 48.0 , 39.9 , 1469083 ] , [  13.5 , 57.6 , 29.0 , 105129 ] , [  14.8 , 59.1 , 26.1 , 18792 ] , [  13.1 , 55.9 , 31.0 , 24886 ] , [  12.3 , 58.7 , 29.0 , 18714 ] , [  13.6 , 57.4 , 29.0 , 42737 ] , [  13.2 , 60.0 , 26.8 , 92374 ] , [  11.7 , 61.2 , 27.2 , 25418 ] , [  13.3 , 59.7 , 26.9 , 19650 ] , [  13.8 , 59.0 , 27.3 , 24398 ] , [  14.2 , 59.8 , 26.0 , 22908 ] , [  11.8 , 47.5 , 40.8 , 107132 ] , [  12.5 , 47.3 , 40.3 , 14556 ] , [  10.9 , 47.1 , 42.0 , 20482 ] , [  11.3 , 43.9 , 44.8 , 30760 ] , [  11.9 , 53.0 , 35.1 , 23367 ] , [  12.8 , 47.1 , 40.1 , 17967 ] , [  10.4 , 43.2 , 46.4 , 146244 ] , [  10.8 , 48.4 , 40.9 , 34263 ] , [  9.2 , 38.0 , 52.9 , 66704 ] , [  8.3 , 34.5 , 57.2 , 22024 ] , [  14.7 , 58.3 , 27.0 , 12931 ] , [  16.4 , 59.4 , 24.2 , 10322 ] , [  10.4 , 38.7 , 51.0 , 180268 ] , [  11.8 , 46.5 , 41.7 , 13984 ] , [  11.5 , 43.6 , 44.9 , 37281 ] , [  12.3 , 48.4 , 39.3 , 12655 ] , [  5.6 , 27.0 , 67.4 , 8208 ] , [  7.7 , 23.9 , 68.4 , 15335 ] , [  10.2 , 39.7 , 50.1 , 41736 ] , [  10.2 , 34.3 , 55.5 , 40172 ] , [  10.8 , 42.3 , 46.9 , 10897 ] , [  12.9 , 51.8 , 35.4 , 135094 ] , [  13.4 , 48.1 , 38.5 , 33101 ] , [  13.3 , 53.1 , 33.6 , 28295 ] , [  13.2 , 53.0 , 33.8 , 21755 ] , [  12.0 , 52.9 , 35.1 , 24097 ] , [  12.2 , 53.0 , 34.9 , 27846 ] , [  11.3 , 45.3 , 43.4 , 98287 ] , [  13.9 , 51.4 , 34.7 , 18082 ] , [  11.8 , 48.6 , 39.6 , 32652 ] , [  11.4 , 44.0 , 44.6 , 23334 ] , [  8.4 , 37.6 , 54.1 , 24219 ] , [  11.7 , 45.7 , 42.6 , 131753 ] , [  14.4 , 55.0 , 30.6 , 13698 ] , [  11.6 , 46.6 , 41.8 , 27960 ] , [  11.0 , 42.6 , 46.4 , 32609 ] , [  11.1 , 47.3 , 41.6 , 24276 ] , [  11.7 , 43.0 , 45.3 , 33210 ] , [  11.2 , 43.2 , 45.6 , 127721 ] , [  11.4 , 42.0 , 46.6 , 26588 ] , [  11.8 , 48.4 , 39.8 , 25151 ] , [  12.5 , 47.5 , 40.0 , 26235 ] , [  10.2 , 40.2 , 49.6 , 28013 ] , [  9.9 , 37.3 , 52.8 , 21734 ] , [  11.6 , 45.2 , 43.2 , 113457 ] , [  12.9 , 52.7 , 34.4 , 18572 ] , [  14.7 , 56.5 , 28.8 , 16949 ] , [  12.5 , 49.0 , 38.4 , 24323 ] , [  9.8 , 39.8 , 50.4 , 28849 ] , [  9.7 , 34.2 , 56.1 , 24764 ] , [  14.3 , 51.4 , 34.3 , 118789 ] , [  14.5 , 50.8 , 34.7 , 19436 ] , [  13.3 , 47.8 , 38.9 , 28331 ] , [  16.5 , 57.3 , 26.2 , 24211 ] , [  14.6 , 53.7 , 31.7 , 25150 ] , [  12.7 , 47.1 , 40.1 , 21661 ] , [  13.9 , 56.5 , 29.6 , 112835 ] , [  14.1 , 67.1 , 18.8 , 23422 ] , [  12.3 , 53.7 , 34.0 , 24886 ] , [  14.2 , 50.9 , 34.9 , 21484 ] , [  14.6 , 53.4 , 32.1 , 17461 ] , [  14.6 , 56.1 , 29.3 , 25582 ]
])
] ,
'Kilifi' : [
[
'Kenya' , 'Rural' , 'Urban' , 'KilifiCounty' , 'KilifiNorthConstituency' , 'Tezo' , 'Sokoni' , 'Kibarani' , 'Dabaso' , 'Matsangoni' , 'Watamu' , 'Mnarani' , 'KilifiSouthConstituency' , 'Junju' , 'Mwarakaya' , 'ShimoLaTewa' , 'Chasimba' , 'Mtepeni' , 'KaloleniConstituency' , 'Mariakani' , 'Kayafungo' , 'Kaloleni' , 'Mwanamwinga' , 'RabaiConstituency' , 'Mwawesa' , 'Ruruma' , 'KambeRibe' , 'RabaiKisurutini' , 'GanzeConstituency' , 'Ganze' , 'Bamba' , 'Jaribuni' , 'Sokoke' , 'MalindiConstituency' , 'Jilore' , 'Kakuyuni' , 'Ganda' , 'MalindiTown' , 'Shella' , 'MagariniConstituency' , 'Marafa' , 'Magarini' , 'Gongoni' , 'Adu' , 'Garashi' , 'Sabaki' , ] ,
numpy.array([
[  25.2 , 52.0 , 22.8 , 34024396 ] , [  29.5 , 54.7 , 15.9 , 23314262 ] , [  15.8 , 46.2 , 38.0 , 10710134 ] , [  35.6 , 51.9 , 12.5 , 971960 ] , [  31.6 , 53.5 , 14.9 , 180851 ] , [  34.0 , 54.6 , 11.5 , 22529 ] , [  23.2 , 48.8 , 28.0 , 30483 ] , [  37.6 , 53.8 , 8.6 , 20970 ] , [  31.8 , 54.6 , 13.6 , 25619 ] , [  35.7 , 55.3 , 9.1 , 29475 ] , [  25.9 , 54.4 , 19.7 , 22326 ] , [  34.2 , 54.0 , 11.8 , 29449 ] , [  29.6 , 53.1 , 17.3 , 151569 ] , [  33.4 , 56.8 , 9.8 , 28021 ] , [  38.3 , 53.3 , 8.4 , 22252 ] , [  18.6 , 48.4 , 33.0 , 45448 ] , [  37.0 , 54.0 , 9.0 , 25805 ] , [  29.9 , 55.8 , 14.3 , 30043 ] , [  40.3 , 49.2 , 10.5 , 136064 ] , [  32.5 , 48.5 , 19.1 , 37489 ] , [  49.7 , 45.7 , 4.6 , 30293 ] , [  37.7 , 52.2 , 10.1 , 49530 ] , [  47.9 , 48.3 , 3.8 , 18752 ] , [  37.2 , 50.0 , 12.8 , 85830 ] , [  41.3 , 48.6 , 10.1 , 13158 ] , [  42.7 , 48.5 , 8.8 , 19158 ] , [  29.3 , 54.5 , 16.2 , 15361 ] , [  36.3 , 49.5 , 14.2 , 38153 ] , [  44.5 , 50.2 , 5.3 , 120335 ] , [  41.7 , 52.1 , 6.2 , 27440 ] , [  48.5 , 48.1 , 3.5 , 32983 ] , [  44.6 , 50.8 , 4.6 , 21748 ] , [  43.0 , 50.5 , 6.5 , 38164 ] , [  29.3 , 52.2 , 18.4 , 143710 ] , [  39.6 , 53.0 , 7.5 , 15444 ] , [  44.8 , 49.8 , 5.4 , 15976 ] , [  36.7 , 55.0 , 8.3 , 28765 ] , [  21.0 , 51.5 , 27.5 , 45532 ] , [  23.2 , 51.6 , 25.2 , 37993 ] , [  39.9 , 53.4 , 6.7 , 153601 ] , [  38.6 , 55.1 , 6.3 , 14838 ] , [  38.5 , 55.0 , 6.5 , 35082 ] , [  37.6 , 54.4 , 7.9 , 30249 ] , [  44.3 , 51.0 , 4.7 , 37219 ] , [  41.6 , 54.1 , 4.3 , 22593 ] , [  35.2 , 50.5 , 14.3 , 13620 ]
])
] ,
'Kirinyaga' : [
[
'Kenya' , 'Rural' , 'Urban' , 'KirinyagaCounty' , 'MweaConstituency' , 'Mutithi' , 'Kangai' , 'Thiba' , 'Wamumu' , 'Nyangati' , 'Murinduko' , 'Gathigiriri' , 'Tebere' , 'GichuguConstituency' , 'Kabare' , 'Baragwi' , 'NjukiIni' , 'Ngariama' , 'Karumandi' , 'NdiaConstituency' , 'Mukure' , 'Kiine' , 'Kariti' , 'KirinyagaCentralConstituency' , 'Mutira' , 'Kanyekini' , 'Kerugoya' , 'Inoi' , ] ,
numpy.array([
[  25.2 , 52.0 , 22.8 , 34024396 ] , [  29.5 , 54.7 , 15.9 , 23314262 ] , [  15.8 , 46.2 , 38.0 , 10710134 ] , [  13.5 , 59.0 , 27.5 , 483654 ] , [  13.5 , 62.9 , 23.5 , 172700 ] , [  14.8 , 62.7 , 22.6 , 24255 ] , [  14.9 , 69.1 , 16.0 , 17801 ] , [  13.6 , 64.6 , 21.9 , 21333 ] , [  13.4 , 65.9 , 20.8 , 16350 ] , [  14.9 , 59.5 , 25.6 , 22429 ] , [  13.6 , 64.5 , 22.0 , 26091 ] , [  12.7 , 67.6 , 19.7 , 16290 ] , [  11.1 , 55.0 , 33.9 , 28151 ] , [  13.2 , 57.4 , 29.4 , 115491 ] , [  14.4 , 56.6 , 29.0 , 35485 ] , [  13.4 , 57.4 , 29.2 , 18652 ] , [  12.7 , 57.9 , 29.4 , 22247 ] , [  11.0 , 55.0 , 34.0 , 16883 ] , [  13.1 , 60.1 , 26.8 , 22224 ] , [  13.9 , 58.1 , 28.1 , 91934 ] , [  14.7 , 56.1 , 29.2 , 28495 ] , [  13.4 , 58.7 , 27.9 , 38026 ] , [  13.7 , 59.3 , 27.0 , 25413 ] , [  13.4 , 55.0 , 31.6 , 103529 ] , [  12.3 , 54.0 , 33.6 , 21286 ] , [  14.8 , 64.7 , 20.6 , 29895 ] , [  12.0 , 46.2 , 41.9 , 26846 ] , [  14.3 , 53.6 , 32.1 , 25502 ]
])
] ,
'Kisii' : [
[
'Kenya' , 'Rural' , 'Urban' , 'KisiiCounty' , 'BonchariConstituency' , 'Bomariba' , 'Bokiakumi' , 'Bomorenda' , 'Riana' , 'SouthMugirangoConstituency' , 'Tabaka' , 'Boikanga' , 'Bogetenga' , 'BorabuChitago' , 'Moticho' , 'Getenga' , 'BomachogeBorabuConstituency' , 'BombabaBorabu' , 'BoochiBorabu' , 'Bokimonge' , 'Magenche' , 'BobasiConstituency' , 'MasigeWest' , 'MasigeEast' , 'BassiCentral' , 'Nyacheki' , 'BassiBogetaorio' , 'BobasiChache' , 'SametaMokwerero' , 'BobasiBoitangare' , 'BomachogeChacheConstituency' , 'MajogeBassi' , 'BoochiTendere' , 'BosotiSengera' , 'NyaribariMasabaConstituency' , 'Ichuni' , 'Nyamasibi' , 'Masimba' , 'Gesusu' , 'Kiamokama' , 'NyaribariChacheConstituency' , 'Bobaracho' , 'KisiiCentral' , 'Keumbu' , 'Kiogoro' , 'Birongo' , 'Ibeno' , 'KitutuChacheNorthConstituency' , 'Monyerero' , 'Sensi' , 'Marani' , 'Kegogi' , 'KitutuChacheSouthConstituency' , 'Bogusero' , 'Bogeka' , 'Nyakoe' , 'KitutuCentral' , 'Nyatieko' , ] ,
numpy.array([
[  25.2 , 52.0 , 22.8 , 34024396 ] , [  29.5 , 54.7 , 15.9 , 23314262 ] , [  15.8 , 46.2 , 38.0 , 10710134 ] , [  17.1 , 55.2 , 27.7 , 1010601 ] , [  20.7 , 59.5 , 19.8 , 100468 ] , [  24.6 , 60.7 , 14.8 , 18082 ] , [  18.1 , 57.6 , 24.4 , 24550 ] , [  18.3 , 57.3 , 24.5 , 27830 ] , [  22.9 , 62.3 , 14.8 , 30006 ] , [  19.1 , 58.5 , 22.4 , 138349 ] , [  19.5 , 57.4 , 23.1 , 28257 ] , [  18.4 , 61.3 , 20.4 , 17224 ] , [  17.3 , 59.1 , 23.7 , 22609 ] , [  19.7 , 56.8 , 23.5 , 34298 ] , [  18.4 , 60.4 , 21.2 , 23095 ] , [  21.6 , 57.8 , 20.7 , 12866 ] , [  16.7 , 55.0 , 28.4 , 94427 ] , [  15.5 , 54.3 , 30.2 , 20844 ] , [  15.9 , 56.6 , 27.6 , 14494 ] , [  17.5 , 53.3 , 29.3 , 29713 ] , [  17.1 , 56.4 , 26.5 , 29376 ] , [  16.4 , 54.3 , 29.3 , 167430 ] , [  17.5 , 56.8 , 25.7 , 16399 ] , [  16.6 , 54.3 , 29.1 , 16867 ] , [  16.7 , 52.0 , 31.4 , 20732 ] , [  16.0 , 50.3 , 33.7 , 27224 ] , [  17.0 , 53.9 , 29.2 , 29733 ] , [  15.6 , 58.6 , 25.8 , 19518 ] , [  15.3 , 56.8 , 27.8 , 18623 ] , [  16.5 , 54.3 , 29.3 , 18334 ] , [  18.2 , 55.2 , 26.6 , 82393 ] , [  19.1 , 58.5 , 22.5 , 20586 ] , [  17.5 , 52.0 , 30.5 , 29606 ] , [  18.3 , 56.1 , 25.6 , 32201 ] , [  15.5 , 49.8 , 34.7 , 107873 ] , [  16.7 , 50.0 , 33.3 , 24464 ] , [  16.5 , 53.5 , 30.0 , 19147 ] , [  15.5 , 50.6 , 33.9 , 22483 ] , [  14.4 , 48.8 , 36.8 , 23080 ] , [  14.6 , 46.1 , 39.3 , 18699 ] , [  15.0 , 51.7 , 33.3 , 115256 ] , [  16.6 , 53.7 , 29.7 , 25819 ] , [  13.2 , 46.3 , 40.6 , 28634 ] , [  13.2 , 57.0 , 29.8 , 13299 ] , [  15.1 , 54.8 , 30.1 , 11722 ] , [  17.4 , 50.0 , 32.7 , 17381 ] , [  14.7 , 53.0 , 32.3 , 18401 ] , [  17.3 , 59.7 , 23.0 , 91159 ] , [  15.2 , 58.4 , 26.4 , 24362 ] , [  17.0 , 58.5 , 24.5 , 24240 ] , [  19.4 , 60.2 , 20.4 , 24792 ] , [  17.5 , 62.6 , 19.9 , 17765 ] , [  15.7 , 53.7 , 30.6 , 113246 ] , [  19.1 , 61.6 , 19.4 , 21567 ] , [  19.2 , 60.9 , 19.9 , 11577 ] , [  17.9 , 60.4 , 21.8 , 19950 ] , [  10.9 , 41.5 , 47.7 , 41933 ] , [  18.3 , 60.8 , 20.9 , 18219 ]
])
] ,
'Kisumu' : [
[
'Kenya' , 'Rural' , 'Urban' , 'KisumuCounty' , 'KisumuEastConstituency' , 'Kajulu' , 'KolwaEast' , 'ManyattaB' , 'NyalendaA' , 'KolwaCentral' , 'KisumuWestConstituency' , 'SouthWestKisumu' , 'CentralKisumu' , 'KisumuNorth' , 'WestKisumu' , 'NorthWestKisumu' , 'KisumuCentralConstituency' , 'Railways' , 'Migosi' , 'ShauriMoyoKaloleni' , 'MarketMilimani' , 'Kondele' , 'NyalendaB' , 'SemeConstituency' , 'WestSeme' , 'CentralSeme' , 'EastSeme' , 'NorthSeme' , 'NyandoConstituency' , 'EastKanoWawidhi' , 'AwasiOnjiko' , 'Ahero' , 'KabonyoKanyagwal' , 'Kobura' , 'MuhoroniConstituency' , 'Miwani' , 'Ombeyi' , 'MasogoNyangoma' , 'Chemilil' , 'MuhoroniKoru' , 'NyakachConstituency' , 'SouthWestNyakach' , 'NorthNyakach' , 'CentralNyakach' , 'WestNyakach' , 'SouthEastNyakach' , ] ,
numpy.array([
[  25.2 , 52.0 , 22.8 , 34024396 ] , [  29.5 , 54.7 , 15.9 , 23314262 ] , [  15.8 , 46.2 , 38.0 , 10710134 ] , [  17.7 , 56.9 , 25.4 , 844752 ] , [  16.7 , 54.9 , 28.4 , 131725 ] , [  17.3 , 57.1 , 25.6 , 35766 ] , [  21.3 , 62.2 , 16.5 , 18759 ] , [  14.4 , 49.4 , 36.3 , 24560 ] , [  14.6 , 52.2 , 33.2 , 24848 ] , [  16.7 , 54.5 , 28.8 , 27792 ] , [  18.1 , 59.7 , 22.2 , 111925 ] , [  21.5 , 63.2 , 15.3 , 19492 ] , [  17.4 , 57.9 , 24.7 , 31059 ] , [  17.8 , 58.1 , 24.1 , 21948 ] , [  18.2 , 63.1 , 18.7 , 19700 ] , [  16.3 , 57.2 , 26.5 , 19726 ] , [  12.4 , 41.7 , 45.9 , 147975 ] , [  13.5 , 46.6 , 39.8 , 30788 ] , [  9.9 , 34.6 , 55.5 , 17967 ] , [  10.4 , 35.2 , 54.4 , 13165 ] , [  9.7 , 30.5 , 59.8 , 14757 ] , [  13.0 , 43.5 , 43.4 , 42517 ] , [  14.1 , 47.1 , 38.9 , 28781 ] , [  20.9 , 64.1 , 15.0 , 87011 ] , [  20.8 , 63.7 , 15.5 , 25189 ] , [  20.2 , 63.3 , 16.5 , 20164 ] , [  22.1 , 64.8 , 13.1 , 19178 ] , [  20.7 , 64.6 , 14.8 , 22480 ] , [  20.5 , 61.3 , 18.2 , 122849 ] , [  22.6 , 64.8 , 12.7 , 15109 ] , [  19.6 , 64.0 , 16.4 , 22723 ] , [  18.9 , 58.7 , 22.4 , 31238 ] , [  21.9 , 62.8 , 15.3 , 21958 ] , [  20.7 , 59.3 , 20.0 , 31821 ] , [  18.9 , 61.4 , 19.7 , 126072 ] , [  18.1 , 60.8 , 21.1 , 16041 ] , [  23.2 , 64.7 , 12.1 , 22979 ] , [  20.9 , 66.0 , 13.1 , 28085 ] , [  16.8 , 58.5 , 24.7 , 29095 ] , [  16.2 , 57.6 , 26.2 , 29872 ] , [  18.3 , 61.1 , 20.6 , 117195 ] , [  20.1 , 60.1 , 19.8 , 15369 ] , [  18.8 , 61.5 , 19.7 , 28015 ] , [  19.1 , 62.3 , 18.6 , 23872 ] , [  17.3 , 61.5 , 21.3 , 23088 ] , [  16.9 , 59.8 , 23.3 , 26851 ]
])
] ,
'Kitui' : [
[
'Kenya' , 'Rural' , 'Urban' , 'KituiCounty' , 'MwingiNorthConstituency' , 'Ngomeni' , 'Kyuso' , 'Mumoni' , 'Tseikuru' , 'Tharaka' , 'MwingiWestConstituency' , 'KyomeThaana' , 'Nguutani' , 'Migwani' , 'KiomoKyethani' , 'Central' , 'MwingiCentralConstituency' , 'Kivou' , 'Nguni' , 'Nuu' , 'Mui' , 'Waita' , 'KituiWestConstituency' , 'Mutonguni' , 'Kauwi' , 'Matinyani' , 'KwamutongaKithumula' , 'KituiRuralConstituency' , 'Kisasi' , 'Mbitini' , 'KwavonzaYatta' , 'Kanyangi' , 'KituiCentralConstituency' , 'Miambani' , 'Township' , 'KyangwithyaWest' , 'Mulango' , 'KyangwithyaEast' , 'KituiEastConstituency' , 'ZombeMwitika' , 'Nzambani' , 'Chuluni' , 'VooKyamatu' , 'EndauMalalani' , 'MutituKaliku' , 'KituiSouthConstituency' , 'IkangaKyatune' , 'Mutomo' , 'Mutha' , 'Ikutha' , 'Kanziko' , 'Athi' , ] ,
numpy.array([
