import numpy
floormaterial = {
'Baringo' : [
[
'Kenya' , 'Rural' , 'Urban' , 'BaringoCounty' , 'TiatyConstituency' , 'Tirioko' , 'Kollowa' , 'Ribkwo' , 'Silale' , 'Loiyamorok' , 'TangulbeiKorossi' , 'ChuroAmaya' , 'BaringoNorthConstituency' , 'Barwessa' , 'Kabartonjo' , 'SaimoKipsaram' , 'SaimoSoi' , 'Bartabwa' , 'BaringoCentralConstituency' , 'Kabarnet' , 'Sacho' , 'Tenges' , 'EwalelChapchap' , 'Kapropita' , 'BaringoSouthConstituency' , 'Marigat' , 'Ilchamus' , 'Mochongoi' , 'Mukutan' , 'MogotioConstituency' , 'Mogotio' , 'Emining' , 'Kisanana' , 'EldamaRavineConstituency' , 'Lembus' , 'LembusKwen' , 'Ravine' , 'MumberesMajiMazuri' , 'LembusPerkerra' , 'Koibatek' , ] ,
numpy.array([
[  41.2 , 1.6 , 0.7 , 56.0 , 0.5 , 8493380 ] , [  22.1 , 0.3 , 0.7 , 76.5 , 0.4 , 5239879 ] , [  71.8 , 3.5 , 0.9 , 23.0 , 0.8 , 3253501 ] , [  24.5 , 0.3 , 1.7 , 73.1 , 0.4 , 107133 ] , [  4.0 , 0.0 , 0.7 , 95.1 , 0.2 , 21152 ] , [  0.6 , 0.0 , 1.0 , 98.2 , 0.2 , 3748 ] , [  3.8 , 0.1 , 1.2 , 94.8 , 0.1 , 3069 ] , [  9.7 , 0.0 , 0.6 , 89.4 , 0.2 , 2511 ] , [  0.1 , 0.0 , 0.5 , 99.3 , 0.1 , 3289 ] , [  10.5 , 0.0 , 0.2 , 89.2 , 0.1 , 1977 ] , [  3.9 , 0.0 , 0.7 , 95.1 , 0.4 , 3376 ] , [  3.7 , 0.0 , 0.5 , 95.3 , 0.4 , 3182 ] , [  20.1 , 0.2 , 1.4 , 78.1 , 0.2 , 18935 ] , [  6.2 , 0.1 , 1.2 , 92.3 , 0.2 , 4943 ] , [  36.9 , 0.3 , 2.4 , 60.1 , 0.2 , 3811 ] , [  31.8 , 0.2 , 1.8 , 65.9 , 0.2 , 4154 ] , [  17.6 , 0.1 , 0.8 , 81.2 , 0.2 , 3663 ] , [  5.3 , 0.1 , 0.3 , 94.2 , 0.0 , 2364 ] , [  46.0 , 0.8 , 0.8 , 52.1 , 0.4 , 15864 ] , [  56.6 , 1.7 , 0.6 , 40.3 , 0.7 , 5419 ] , [  27.9 , 0.0 , 0.6 , 71.3 , 0.1 , 2025 ] , [  28.9 , 0.2 , 1.0 , 69.8 , 0.2 , 1967 ] , [  32.8 , 0.5 , 1.2 , 65.2 , 0.2 , 3245 ] , [  63.2 , 0.3 , 0.6 , 35.7 , 0.2 , 3208 ] , [  19.3 , 0.1 , 0.9 , 79.6 , 0.2 , 16823 ] , [  33.3 , 0.1 , 0.5 , 66.0 , 0.1 , 6615 ] , [  14.9 , 0.1 , 0.3 , 84.5 , 0.2 , 2901 ] , [  8.8 , 0.1 , 1.8 , 89.2 , 0.2 , 5651 ] , [  6.9 , 0.0 , 0.2 , 92.5 , 0.4 , 1656 ] , [  22.7 , 0.4 , 0.4 , 75.8 , 0.7 , 11853 ] , [  31.3 , 0.8 , 0.4 , 66.2 , 1.3 , 5575 ] , [  19.3 , 0.1 , 0.3 , 80.2 , 0.2 , 3243 ] , [  10.7 , 0.1 , 0.4 , 88.7 , 0.1 , 3035 ] , [  37.1 , 0.4 , 4.8 , 56.9 , 0.7 , 22506 ] , [  20.6 , 0.1 , 7.0 , 71.3 , 1.0 , 4303 ] , [  36.9 , 0.3 , 0.9 , 61.8 , 0.1 , 3892 ] , [  55.0 , 0.9 , 0.7 , 43.0 , 0.4 , 4363 ] , [  21.4 , 0.1 , 16.3 , 60.3 , 1.9 , 4078 ] , [  51.9 , 0.7 , 0.8 , 46.5 , 0.1 , 3429 ] , [  40.2 , 0.2 , 1.3 , 57.3 , 0.9 , 2441 ]
])
] ,
'Bomet' : [
[
'Kenya' , 'Rural' , 'Urban' , 'BometCounty' , 'SotikConstituency' , 'NdanaiAbosi' , 'Chemagel' , 'Kipsonoi' , 'Kapletundo' , 'RongenaChebilat' , 'ChepalunguConstituency' , 'KongAsis' , 'Nyangores' , 'Sigor' , 'Chebunyo' , 'Siongiroi' , 'BometEastConstituency' , 'Merigi' , 'Kembu' , 'Longisa' , 'Kipreres' , 'Chemaner' , 'BometCentralConstituency' , 'SilibwetTownship' , 'Ndaraweta' , 'Sigorwet' , 'Cheseon' , 'Mutarakwa' , 'KonoinConstituency' , 'Chepchabas' , 'Kimulot' , 'Mogogosieki' , 'Boito' , 'Embomos' , ] ,
numpy.array([
[  41.2 , 1.6 , 0.7 , 56.0 , 0.5 , 8493380 ] , [  22.1 , 0.3 , 0.7 , 76.5 , 0.4 , 5239879 ] , [  71.8 , 3.5 , 0.9 , 23.0 , 0.8 , 3253501 ] , [  23.5 , 0.2 , 0.5 , 75.2 , 0.6 , 141219 ] , [  21.0 , 0.3 , 0.6 , 77.9 , 0.2 , 31878 ] , [  8.3 , 0.1 , 0.3 , 91.1 , 0.2 , 6746 ] , [  37.7 , 0.6 , 1.0 , 60.3 , 0.4 , 6500 ] , [  13.1 , 0.1 , 0.5 , 86.1 , 0.1 , 6001 ] , [  12.3 , 0.1 , 0.5 , 87.0 , 0.2 , 7244 ] , [  37.4 , 0.6 , 0.6 , 61.4 , 0.1 , 5387 ] , [  7.3 , 0.1 , 0.5 , 91.9 , 0.1 , 30094 ] , [  4.1 , 0.1 , 0.8 , 94.8 , 0.2 , 5166 ] , [  9.8 , 0.1 , 0.4 , 89.5 , 0.1 , 6706 ] , [  5.3 , 0.1 , 0.4 , 94.1 , 0.0 , 6335 ] , [  9.0 , 0.1 , 0.6 , 90.2 , 0.1 , 6469 ] , [  7.5 , 0.1 , 0.5 , 91.8 , 0.1 , 5418 ] , [  11.7 , 0.1 , 0.5 , 87.6 , 0.2 , 23897 ] , [  19.5 , 0.1 , 0.4 , 79.9 , 0.1 , 5297 ] , [  11.5 , 0.1 , 0.4 , 87.7 , 0.3 , 5021 ] , [  11.1 , 0.1 , 0.6 , 88.1 , 0.1 , 5465 ] , [  8.5 , 0.0 , 0.4 , 91.0 , 0.1 , 4625 ] , [  5.3 , 0.0 , 0.7 , 93.8 , 0.1 , 3489 ] , [  26.4 , 0.2 , 0.6 , 72.6 , 0.1 , 23572 ] , [  51.4 , 0.4 , 0.4 , 47.6 , 0.1 , 5394 ] , [  22.3 , 0.0 , 0.7 , 76.8 , 0.2 , 4109 ] , [  20.0 , 0.2 , 0.5 , 79.3 , 0.1 , 3930 ] , [  21.3 , 0.3 , 0.7 , 77.6 , 0.1 , 6466 ] , [  10.2 , 0.1 , 0.6 , 89.0 , 0.1 , 3673 ] , [  48.0 , 0.4 , 0.5 , 49.1 , 2.0 , 31778 ] , [  87.7 , 0.6 , 0.3 , 4.8 , 6.6 , 8826 ] , [  37.1 , 0.4 , 0.6 , 61.6 , 0.2 , 4420 ] , [  32.5 , 0.3 , 0.6 , 66.4 , 0.2 , 5688 ] , [  39.7 , 0.2 , 0.5 , 59.4 , 0.2 , 6618 ] , [  22.6 , 0.1 , 0.7 , 76.4 , 0.2 , 6226 ]
])
] ,
'Bungoma' : [
[
'Kenya' , 'Rural' , 'Urban' , 'BungomaCounty' , 'MtElgonConstituency' , 'Cheptais' , 'Chesikaki' , 'Chepyuk' , 'Kapkateny' , 'Kaptama' , 'Elgon' , 'SirisiaConstituency' , 'Namwela' , 'MalakisiSouthKulisiru' , 'Lwandanyi' , 'KabuchaiConstituency' , 'KabuchaiChwele' , 'WestNalondo' , 'BwakeLuuya' , 'Mukuyuni' , 'BumulaConstituency' , 'SouthBukusu' , 'Bumula' , 'Khasoko' , 'Kabula' , 'Kimaeti' , 'WestBukusu' , 'Siboti' , 'KanduyiConstituency' , 'BukembeWest' , 'BukembeEast' , 'Township' , 'Khalaba' , 'Musikoma' , 'EastSangAlo' , 'MarakaryTuuti' , 'WestSangAlo' , 'WebuyeEastConstituency' , 'Mihuu' , 'Ndivisi' , 'Maraka' , 'WebuyeWestConstituency' , 'Misikhu' , 'Sitikho' , 'Matulo' , 'Bokoli' , 'KimililiConstituency' , 'Kibingei' , 'Kimilili' , 'Maeni' , 'Kamukuywa' , 'TongarenConstituency' , 'Mbakalo' , 'NaitiriKabuyefwe' , 'Milima' , 'Ndalu' , 'Tongaren' , 'SoysambuMitua' , ] ,
numpy.array([
[  41.2 , 1.6 , 0.7 , 56.0 , 0.5 , 8493380 ] , [  22.1 , 0.3 , 0.7 , 76.5 , 0.4 , 5239879 ] , [  71.8 , 3.5 , 0.9 , 23.0 , 0.8 , 3253501 ] , [  19.8 , 0.4 , 0.3 , 79.3 , 0.2 , 260628 ] , [  12.7 , 0.2 , 0.4 , 86.4 , 0.4 , 31587 ] , [  20.4 , 0.3 , 0.2 , 78.9 , 0.2 , 5634 ] , [  14.1 , 0.2 , 0.2 , 85.3 , 0.2 , 4478 ] , [  3.0 , 0.0 , 1.0 , 94.9 , 1.2 , 4158 ] , [  4.6 , 0.1 , 0.5 , 94.6 , 0.2 , 5268 ] , [  9.7 , 0.1 , 0.2 , 89.6 , 0.5 , 6035 ] , [  21.1 , 0.2 , 0.4 , 78.1 , 0.2 , 6014 ] , [  18.1 , 0.2 , 0.2 , 81.5 , 0.1 , 19819 ] , [  12.4 , 0.1 , 0.2 , 87.2 , 0.1 , 5168 ] , [  18.4 , 0.2 , 0.2 , 81.1 , 0.1 , 6802 ] , [  21.5 , 0.2 , 0.2 , 78.1 , 0.1 , 7849 ] , [  15.2 , 0.1 , 0.3 , 84.0 , 0.3 , 27260 ] , [  25.4 , 0.1 , 0.1 , 74.0 , 0.2 , 7343 ] , [  17.8 , 0.2 , 0.2 , 81.7 , 0.1 , 6265 ] , [  7.2 , 0.0 , 0.8 , 91.8 , 0.2 , 6327 ] , [  9.7 , 0.2 , 0.2 , 89.2 , 0.7 , 7325 ] , [  10.3 , 0.4 , 0.2 , 88.9 , 0.2 , 34280 ] , [  9.6 , 0.1 , 0.1 , 90.0 , 0.1 , 4297 ] , [  7.5 , 0.2 , 0.2 , 91.7 , 0.5 , 6232 ] , [  10.6 , 0.3 , 0.3 , 88.6 , 0.2 , 2640 ] , [  11.4 , 0.0 , 0.1 , 88.4 , 0.1 , 4038 ] , [  11.0 , 0.1 , 0.2 , 88.6 , 0.0 , 7044 ] , [  12.0 , 3.0 , 0.3 , 84.3 , 0.3 , 3768 ] , [  10.8 , 0.0 , 0.1 , 88.9 , 0.1 , 6261 ] , [  36.3 , 0.8 , 0.3 , 62.4 , 0.2 , 46059 ] , [  14.5 , 0.2 , 0.2 , 84.8 , 0.2 , 3663 ] , [  31.1 , 0.4 , 0.2 , 68.2 , 0.0 , 5505 ] , [  85.1 , 2.0 , 0.2 , 12.0 , 0.6 , 4420 ] , [  74.9 , 2.4 , 0.3 , 22.1 , 0.3 , 6324 ] , [  38.8 , 0.5 , 0.3 , 60.2 , 0.2 , 8169 ] , [  6.6 , 0.1 , 0.3 , 92.7 , 0.3 , 6073 ] , [  26.0 , 0.4 , 0.2 , 73.3 , 0.2 , 6591 ] , [  13.1 , 0.2 , 0.2 , 86.4 , 0.2 , 5314 ] , [  23.8 , 0.3 , 0.3 , 75.6 , 0.1 , 19017 ] , [  14.4 , 0.2 , 0.3 , 85.0 , 0.1 , 7187 ] , [  14.0 , 0.1 , 0.2 , 85.6 , 0.1 , 7294 ] , [  54.3 , 0.7 , 0.2 , 44.5 , 0.3 , 4536 ] , [  21.4 , 0.6 , 0.2 , 77.4 , 0.3 , 24124 ] , [  9.8 , 0.1 , 0.3 , 89.4 , 0.4 , 5751 ] , [  7.1 , 0.1 , 0.2 , 92.5 , 0.1 , 5418 ] , [  51.6 , 1.7 , 0.2 , 46.0 , 0.5 , 7216 ] , [  8.7 , 0.3 , 0.2 , 90.6 , 0.2 , 5739 ] , [  19.1 , 0.3 , 0.3 , 80.1 , 0.3 , 24454 ] , [  19.6 , 0.4 , 0.5 , 79.3 , 0.3 , 6460 ] , [  29.0 , 0.5 , 0.2 , 69.9 , 0.3 , 7257 ] , [  8.0 , 0.1 , 0.1 , 91.6 , 0.2 , 4306 ] , [  14.7 , 0.1 , 0.2 , 84.7 , 0.3 , 6431 ] , [  15.8 , 0.2 , 0.4 , 83.3 , 0.2 , 34028 ] , [  8.3 , 0.2 , 0.3 , 91.0 , 0.1 , 5606 ] , [  12.4 , 0.1 , 1.2 , 86.0 , 0.2 , 6799 ] , [  22.3 , 0.3 , 0.3 , 76.9 , 0.2 , 6273 ] , [  22.4 , 0.3 , 0.1 , 77.0 , 0.2 , 3763 ] , [  16.5 , 0.1 , 0.1 , 83.1 , 0.2 , 6170 ] , [  15.1 , 0.2 , 0.4 , 84.2 , 0.1 , 5417 ]
])
] ,
'Busia' : [
[
'Kenya' , 'Rural' , 'Urban' , 'BusiaCounty' , 'TesoNorthConstituency' , 'MalabaCentral' , 'MalabaNorth' , 'AngUraiSouth' , 'AngUraiNorth' , 'AngUraiEast' , 'MalabaSouth' , 'TesoSouthConstituency' , 'Angorom' , 'ChakolSouth' , 'ChakolNorth' , 'AmukuraWest' , 'AmukuraEast' , 'AmukuraCentral' , 'NambaleConstituency' , 'Nambale' , 'BukhayoNorthWalatsi' , 'BukhayoEast' , 'BukhayoCentral' , 'MatayosConstituency' , 'BukhayoWest' , 'Mayenje' , 'MatayosSouth' , 'Busibwabo' , 'Burumba' , 'ButulaConstituency' , 'MarachiWest' , 'Kingandole' , 'MarachiCentral' , 'MarachiEast' , 'MarachiNorth' , 'Elugulu' , 'FunyulaConstituency' , 'NambobotoNambuku' , 'Nangina' , 'AgengaNanguba' , 'Bwiri' , 'BudalangiConstituency' , 'BunyalaCentral' , 'BunyalaNorth' , 'BunyalaWest' , 'BunyalaSouth' , ] ,
numpy.array([
[  41.2 , 1.6 , 0.7 , 56.0 , 0.5 , 8493380 ] , [  22.1 , 0.3 , 0.7 , 76.5 , 0.4 , 5239879 ] , [  71.8 , 3.5 , 0.9 , 23.0 , 0.8 , 3253501 ] , [  23.4 , 0.4 , 0.3 , 75.7 , 0.2 , 147910 ] , [  29.8 , 0.5 , 0.2 , 69.4 , 0.2 , 22917 ] , [  62.0 , 1.2 , 0.3 , 36.3 , 0.1 , 6070 ] , [  13.1 , 0.1 , 0.1 , 86.6 , 0.2 , 2556 ] , [  19.7 , 0.2 , 0.1 , 79.5 , 0.4 , 3769 ] , [  20.6 , 0.2 , 0.1 , 79.1 , 0.0 , 4085 ] , [  23.5 , 0.3 , 0.3 , 75.8 , 0.2 , 2766 ] , [  13.5 , 0.2 , 0.2 , 86.0 , 0.1 , 3671 ] , [  19.9 , 0.4 , 0.3 , 79.3 , 0.3 , 24451 ] , [  67.1 , 1.5 , 0.3 , 30.2 , 1.0 , 4160 ] , [  11.7 , 0.1 , 0.2 , 87.9 , 0.1 , 5875 ] , [  7.1 , 0.1 , 0.3 , 92.3 , 0.2 , 3455 ] , [  8.6 , 0.0 , 0.2 , 91.0 , 0.2 , 2781 ] , [  12.1 , 0.2 , 0.2 , 87.4 , 0.1 , 4209 ] , [  9.7 , 0.1 , 0.3 , 89.8 , 0.1 , 3971 ] , [  18.9 , 0.2 , 0.6 , 80.1 , 0.1 , 18672 ] , [  33.2 , 0.4 , 0.2 , 66.2 , 0.0 , 6584 ] , [  9.3 , 0.1 , 1.9 , 88.5 , 0.2 , 4121 ] , [  13.7 , 0.1 , 0.3 , 85.9 , 0.1 , 4262 ] , [  10.5 , 0.2 , 0.4 , 88.8 , 0.1 , 3705 ] , [  34.0 , 0.7 , 0.5 , 64.5 , 0.2 , 23278 ] , [  21.5 , 0.5 , 1.2 , 76.7 , 0.1 , 6562 ] , [  23.4 , 0.7 , 0.6 , 74.9 , 0.3 , 1830 ] , [  14.0 , 0.3 , 0.3 , 85.3 , 0.1 , 6242 ] , [  8.4 , 0.1 , 0.4 , 90.6 , 0.4 , 2240 ] , [  78.3 , 1.7 , 0.1 , 19.7 , 0.2 , 6404 ] , [  14.9 , 0.2 , 0.3 , 84.5 , 0.2 , 25148 ] , [  26.4 , 0.3 , 0.1 , 73.1 , 0.1 , 4316 ] , [  10.3 , 0.0 , 0.3 , 89.3 , 0.0 , 3703 ] , [  15.0 , 0.2 , 0.5 , 84.2 , 0.1 , 4130 ] , [  11.2 , 0.2 , 0.2 , 88.4 , 0.1 , 4251 ] , [  14.7 , 0.0 , 0.3 , 84.7 , 0.2 , 4947 ] , [  10.8 , 0.3 , 0.3 , 88.2 , 0.4 , 3801 ] , [  19.5 , 0.3 , 0.2 , 79.6 , 0.4 , 18411 ] , [  18.2 , 0.3 , 0.2 , 80.6 , 0.8 , 5701 ] , [  22.0 , 0.4 , 0.4 , 76.8 , 0.4 , 3879 ] , [  21.0 , 0.3 , 0.1 , 78.4 , 0.2 , 5151 ] , [  16.8 , 0.3 , 0.1 , 82.7 , 0.1 , 3680 ] , [  27.6 , 0.2 , 0.3 , 71.8 , 0.1 , 15033 ] , [  13.4 , 0.2 , 0.6 , 85.8 , 0.1 , 2453 ] , [  20.6 , 0.3 , 0.2 , 78.8 , 0.1 , 4530 ] , [  47.3 , 0.2 , 0.2 , 52.2 , 0.0 , 4845 ] , [  18.4 , 0.1 , 0.5 , 80.9 , 0.1 , 3205 ]
])
] ,
'Elgeyo Marakwet' : [
[
'Kenya' , 'Rural' , 'Urban' , 'ElgeyoMarakwetCounty' , 'MarakwetEastConstituency' , 'Kapyego' , 'Sambirir' , 'Endo' , 'EmbobutEmbulot' , 'MarakwetWestConstituency' , 'Lelan' , 'Sengwer' , 'CheraganyChebororwa' , 'MoibenKuserwo' , 'Kapsowar' , 'Arror' , 'KeiyoNorthConstituency' , 'Kimariny' , 'Emsoo' , 'Tambach' , 'Kapchemutwa' , 'KeiyoSouthConstituency' , 'Kaptarakwa' , 'Chepkorio' , 'SoyNorth' , 'SoySouth' , 'Kabiemit' , 'Metkei' , ] ,
numpy.array([
[  41.2 , 1.6 , 0.7 , 56.0 , 0.5 , 8493380 ] , [  22.1 , 0.3 , 0.7 , 76.5 , 0.4 , 5239879 ] , [  71.8 , 3.5 , 0.9 , 23.0 , 0.8 , 3253501 ] , [  21.4 , 0.2 , 0.9 , 77.0 , 0.5 , 75749 ] , [  11.3 , 0.1 , 0.5 , 87.6 , 0.5 , 17648 ] , [  10.1 , 0.1 , 0.5 , 89.2 , 0.1 , 3694 ] , [  12.8 , 0.1 , 0.5 , 86.5 , 0.0 , 4890 ] , [  15.6 , 0.1 , 0.3 , 83.0 , 0.9 , 5823 ] , [  2.5 , 0.0 , 1.0 , 95.8 , 0.7 , 3241 ] , [  18.7 , 0.1 , 0.6 , 80.5 , 0.1 , 20968 ] , [  16.4 , 0.1 , 0.7 , 82.6 , 0.1 , 3749 ] , [  20.1 , 0.1 , 0.8 , 78.6 , 0.4 , 3687 ] , [  11.4 , 0.0 , 0.3 , 88.1 , 0.1 , 3222 ] , [  22.1 , 0.1 , 0.8 , 76.9 , 0.0 , 3662 ] , [  24.3 , 0.1 , 0.5 , 75.1 , 0.0 , 5070 ] , [  9.0 , 0.1 , 0.5 , 90.2 , 0.3 , 1578 ] , [  33.1 , 0.3 , 0.6 , 64.8 , 1.2 , 15226 ] , [  32.1 , 0.2 , 0.7 , 67.0 , 0.0 , 4850 ] , [  5.8 , 0.0 , 0.4 , 90.1 , 3.7 , 2121 ] , [  21.8 , 0.2 , 0.6 , 77.4 , 0.1 , 3391 ] , [  54.1 , 0.6 , 0.6 , 42.7 , 2.0 , 4864 ] , [  24.0 , 0.3 , 1.8 , 73.4 , 0.4 , 21907 ] , [  29.6 , 0.5 , 2.5 , 67.3 , 0.2 , 3666 ] , [  33.9 , 0.3 , 4.2 , 61.5 , 0.2 , 4506 ] , [  10.4 , 0.2 , 0.4 , 88.8 , 0.2 , 3209 ] , [  17.6 , 0.6 , 0.9 , 80.9 , 0.0 , 4398 ] , [  22.7 , 0.1 , 1.4 , 73.9 , 1.9 , 3689 ] , [  28.8 , 0.1 , 0.6 , 70.4 , 0.1 , 2439 ]
])
] ,
'Embu' : [
[
'Kenya' , 'Rural' , 'Urban' , 'EmbuCounty' , 'ManyattaConstituency' , 'RuguruNgandori' , 'Kithimu' , 'Nginda' , 'MbetiNorth' , 'Kirimani' , 'GaturiSouth' , 'RunyenjesConstituency' , 'GaturiNorth' , 'KagaariSouth' , 'Central' , 'KagaariNorth' , 'KyeniNorthWest' , 'KyeniSouth' , 'MbeereSouthConstituency' , 'Mwea' , 'Makima' , 'MbetiSouth' , 'Mavuria' , 'Kiambere' , 'MbeereNorthConstituency' , 'Nthawa' , 'Muminji' , 'Evurore' , ] ,
numpy.array([
[  41.2 , 1.6 , 0.7 , 56.0 , 0.5 , 8493380 ] , [  22.1 , 0.3 , 0.7 , 76.5 , 0.4 , 5239879 ] , [  71.8 , 3.5 , 0.9 , 23.0 , 0.8 , 3253501 ] , [  39.9 , 0.5 , 0.5 , 58.6 , 0.5 , 128079 ] , [  54.9 , 0.7 , 0.6 , 43.2 , 0.7 , 40830 ] , [  44.7 , 0.4 , 0.8 , 53.9 , 0.3 , 7302 ] , [  30.7 , 0.2 , 0.3 , 65.1 , 3.7 , 4746 ] , [  29.5 , 0.3 , 1.3 , 68.6 , 0.3 , 7120 ] , [  73.0 , 1.6 , 0.2 , 25.2 , 0.1 , 8475 ] , [  81.6 , 1.1 , 0.4 , 16.7 , 0.2 , 9737 ] , [  42.0 , 0.2 , 0.2 , 56.8 , 0.7 , 3450 ] , [  35.9 , 0.3 , 0.6 , 62.2 , 0.9 , 36510 ] , [  35.4 , 0.3 , 0.5 , 61.3 , 2.5 , 6302 ] , [  28.2 , 0.2 , 0.4 , 71.1 , 0.1 , 5139 ] , [  43.8 , 0.5 , 0.5 , 54.9 , 0.2 , 6195 ] , [  36.3 , 0.2 , 0.7 , 61.7 , 1.2 , 6479 ] , [  38.6 , 0.2 , 1.4 , 59.5 , 0.3 , 5447 ] , [  32.7 , 0.5 , 0.4 , 65.7 , 0.7 , 6948 ] , [  32.7 , 0.4 , 0.4 , 66.4 , 0.1 , 29929 ] , [  33.6 , 0.5 , 0.1 , 65.6 , 0.2 , 7303 ] , [  11.9 , 0.2 , 0.2 , 87.6 , 0.1 , 4876 ] , [  41.9 , 0.4 , 0.2 , 57.5 , 0.0 , 7246 ] , [  42.7 , 0.6 , 0.2 , 56.5 , 0.1 , 7469 ] , [  17.1 , 0.3 , 2.2 , 79.9 , 0.5 , 3035 ] , [  27.7 , 0.4 , 0.3 , 71.5 , 0.1 , 20810 ] , [  39.5 , 0.3 , 0.1 , 60.0 , 0.1 , 6730 ] , [  23.5 , 1.1 , 0.3 , 75.0 , 0.1 , 3869 ] , [  21.4 , 0.2 , 0.4 , 77.8 , 0.1 , 10211 ]
])
] ,
'Garissa' : [
[
'Kenya' , 'Rural' , 'Urban' , 'GarissaCounty' , 'GarissaTownshipConstituency' , 'Waberi' , 'Galbet' , 'Township' , 'Iftin' , 'BalambalaConstituency' , 'Balambala' , 'Danyere' , 'Jarajara' , 'Saka' , 'Sankuri' , 'LagderaConstituency' , 'Modogashe' , 'Benane' , 'Goreale' , 'Maalamin' , 'Sabena' , 'Baraki' , 'DadaabConstituency' , 'Dertu' , 'Dadaab' , 'Labisigale' , 'Damajale' , 'Liboi' , 'Abakaile' , 'FafiConstituency' , 'Bura' , 'Dekaharia' , 'Jarajila' , 'Fafi' , 'Nanighi' , 'IjaraConstituency' , 'Hulugho' , 'Sangailu' , 'Ijara' , 'Masalani' , ] ,
numpy.array([
[  41.2 , 1.6 , 0.7 , 56.0 , 0.5 , 8493380 ] , [  22.1 , 0.3 , 0.7 , 76.5 , 0.4 , 5239879 ] , [  71.8 , 3.5 , 0.9 , 23.0 , 0.8 , 3253501 ] , [  24.9 , 0.5 , 0.4 , 73.4 , 0.8 , 69369 ] , [  71.1 , 1.3 , 0.6 , 25.1 , 1.9 , 19858 ] , [  58.8 , 1.3 , 0.9 , 38.1 , 1.0 , 3119 ] , [  70.6 , 1.0 , 1.0 , 26.6 , 0.9 , 7407 ] , [  90.1 , 0.8 , 0.3 , 2.3 , 6.5 , 4087 ] , [  64.2 , 2.2 , 0.2 , 33.2 , 0.2 , 5245 ] , [  2.2 , 0.1 , 0.2 , 97.2 , 0.3 , 10666 ] , [  4.2 , 0.1 , 0.3 , 94.7 , 0.7 , 2623 ] , [  0.4 , 0.0 , 0.2 , 99.3 , 0.1 , 3034 ] , [  0.8 , 0.3 , 0.5 , 98.1 , 0.3 , 1134 ] , [  1.3 , 0.0 , 0.1 , 98.3 , 0.2 , 1649 ] , [  3.7 , 0.0 , 0.1 , 96.0 , 0.2 , 2226 ] , [  1.7 , 0.1 , 0.2 , 97.6 , 0.5 , 11674 ] , [  3.8 , 0.1 , 0.2 , 95.1 , 0.8 , 3926 ] , [  1.1 , 0.2 , 0.3 , 98.1 , 0.3 , 1824 ] , [  1.2 , 0.0 , 0.2 , 97.9 , 0.8 , 1210 ] , [  0.1 , 0.2 , 0.3 , 99.1 , 0.3 , 1432 ] , [  0.3 , 0.0 , 0.0 , 99.3 , 0.3 , 2080 ] , [  0.2 , 0.0 , 0.0 , 99.8 , 0.0 , 1202 ] , [  7.8 , 0.0 , 0.8 , 90.9 , 0.5 , 9244 ] , [  0.4 , 0.0 , 0.0 , 99.5 , 0.1 , 2065 ] , [  36.3 , 0.1 , 3.1 , 58.8 , 1.8 , 1199 ] , [  1.1 , 0.0 , 0.6 , 97.0 , 1.3 , 623 ] , [  0.7 , 0.1 , 0.4 , 98.6 , 0.2 , 1629 ] , [  12.8 , 0.1 , 1.3 , 85.4 , 0.5 , 1942 ] , [  0.4 , 0.0 , 0.1 , 99.4 , 0.1 , 1786 ] , [  4.2 , 0.1 , 0.1 , 95.2 , 0.4 , 6085 ] , [  12.1 , 0.0 , 0.0 , 87.8 , 0.1 , 1062 ] , [  0.5 , 0.1 , 0.0 , 99.3 , 0.1 , 1560 ] , [  4.9 , 0.1 , 0.3 , 94.4 , 0.3 , 1355 ] , [  1.5 , 0.0 , 0.1 , 97.4 , 1.0 , 921 ] , [  3.3 , 0.1 , 0.1 , 95.8 , 0.8 , 1187 ] , [  14.8 , 0.4 , 0.5 , 84.1 , 0.2 , 11842 ] , [  0.3 , 0.0 , 0.0 , 99.5 , 0.2 , 2652 ] , [  0.2 , 0.1 , 0.2 , 99.2 , 0.3 , 2406 ] , [  3.8 , 0.1 , 0.2 , 95.6 , 0.3 , 2209 ] , [  36.2 , 1.0 , 1.0 , 61.7 , 0.1 , 4575 ]
])
] ,
'HomaBay' : [
[
'Kenya' , 'Rural' , 'Urban' , 'HomaBayCounty' , 'KasipulConstituency' , 'WestKasipul' , 'SouthKasipul' , 'CentralKasipul' , 'EastKamagak' , 'WestKamagak' , 'KabondoKasipulConstituency' , 'KabondoEast' , 'KabondoWest' , 'KokwanyoKakelo' , 'Kojwach' , 'KarachuonyoConstituency' , 'WestKarachuonyo' , 'NorthKarachuonyo' , 'Central' , 'Kanyaluo' , 'Kibiri' , 'Wangchieng' , 'KenduBayTown' , 'RangweConstituency' , 'WestGem' , 'EastGem' , 'Kagan' , 'Kochia' , 'HomaBayTownConstituency' , 'HomaBayCentral' , 'HomaBayArujo' , 'HomaBayWest' , 'HomaBayEast' , 'NdhiwaConstituency' , 'Kwabwai' , 'Kanyadoto' , 'Kanyikela' , 'KabuochNorth' , 'KabuochPala' , 'KanyamwaKologi' , 'KanyamwaKosewe' , 'SubaNorthConstituency' , 'MfanganoIsland' , 'RusingaIsland' , 'Kasgunga' , 'Gembe' , 'Lambwe' , 'SubaSouthConstituency' , 'GwassiSouth' , 'GwassiNorth' , 'KaksingiriWest' , 'KaksingiriEast' , ] ,
numpy.array([
[  41.2 , 1.6 , 0.7 , 56.0 , 0.5 , 8493380 ] , [  22.1 , 0.3 , 0.7 , 76.5 , 0.4 , 5239879 ] , [  71.8 , 3.5 , 0.9 , 23.0 , 0.8 , 3253501 ] , [  24.3 , 0.3 , 0.3 , 74.8 , 0.3 , 203192 ] , [  32.0 , 0.4 , 0.3 , 67.2 , 0.1 , 24205 ] , [  15.2 , 0.1 , 0.5 , 84.1 , 0.1 , 5408 ] , [  38.6 , 0.7 , 0.1 , 60.5 , 0.1 , 5506 ] , [  22.1 , 0.3 , 0.2 , 77.2 , 0.2 , 5573 ] , [  20.8 , 0.2 , 0.6 , 78.4 , 0.0 , 2984 ] , [  62.1 , 0.5 , 0.3 , 37.0 , 0.1 , 4734 ] , [  22.9 , 0.3 , 0.3 , 76.2 , 0.3 , 22003 ] , [  26.1 , 0.4 , 0.3 , 73.1 , 0.1 , 6315 ] , [  20.0 , 0.2 , 0.3 , 79.3 , 0.2 , 6422 ] , [  20.0 , 0.3 , 0.4 , 78.8 , 0.5 , 5590 ] , [  27.0 , 0.2 , 0.2 , 72.1 , 0.5 , 3676 ] , [  24.6 , 0.4 , 0.3 , 74.4 , 0.4 , 33933 ] , [  14.0 , 0.3 , 0.4 , 85.2 , 0.1 , 4920 ] , [  18.2 , 0.1 , 0.2 , 81.4 , 0.1 , 4885 ] , [  25.3 , 0.3 , 0.6 , 73.7 , 0.1 , 4345 ] , [  24.0 , 0.2 , 0.1 , 75.6 , 0.1 , 4005 ] , [  18.2 , 0.2 , 0.2 , 81.2 , 0.2 , 4063 ] , [  25.2 , 0.3 , 0.3 , 74.1 , 0.1 , 7254 ] , [  48.1 , 0.9 , 0.3 , 48.4 , 2.2 , 4461 ] , [  16.1 , 0.2 , 0.3 , 83.2 , 0.1 , 20661 ] , [  11.0 , 0.1 , 0.1 , 88.6 , 0.1 , 4101 ] , [  24.1 , 0.4 , 0.2 , 75.2 , 0.1 , 4770 ] , [  13.0 , 0.2 , 0.5 , 86.2 , 0.1 , 5974 ] , [  16.5 , 0.2 , 0.4 , 82.9 , 0.1 , 5816 ] , [  42.8 , 0.5 , 0.3 , 55.9 , 0.5 , 21309 ] , [  59.8 , 1.1 , 0.2 , 38.8 , 0.1 , 7026 ] , [  67.0 , 0.5 , 0.1 , 30.8 , 1.6 , 5787 ] , [  11.1 , 0.1 , 0.4 , 88.1 , 0.3 , 2601 ] , [  12.6 , 0.2 , 0.4 , 86.8 , 0.1 , 5895 ] , [  12.1 , 0.2 , 0.3 , 87.0 , 0.4 , 36524 ] , [  14.7 , 0.3 , 0.5 , 84.5 , 0.1 , 6296 ] , [  11.1 , 0.1 , 0.2 , 88.4 , 0.2 , 3264 ] , [  15.1 , 0.1 , 0.4 , 84.2 , 0.1 , 1363 ] , [  8.7 , 0.1 , 0.3 , 90.8 , 0.1 , 7748 ] , [  9.0 , 0.2 , 0.3 , 90.2 , 0.4 , 5842 ] , [  7.8 , 0.1 , 0.4 , 90.0 , 1.7 , 5011 ] , [  19.1 , 0.3 , 0.3 , 80.3 , 0.0 , 7000 ] , [  31.2 , 0.2 , 0.3 , 68.2 , 0.1 , 23540 ] , [  28.0 , 0.1 , 0.1 , 71.4 , 0.4 , 5510 ] , [  41.0 , 0.4 , 0.3 , 58.3 , 0.0 , 5492 ] , [  55.8 , 0.2 , 0.3 , 43.6 , 0.1 , 4386 ] , [  12.0 , 0.2 , 0.4 , 87.4 , 0.1 , 3688 ] , [  14.7 , 0.2 , 0.5 , 84.6 , 0.1 , 4464 ] , [  19.7 , 0.2 , 0.3 , 79.4 , 0.4 , 21017 ] , [  14.4 , 0.2 , 0.3 , 83.9 , 1.2 , 6771 ] , [  12.9 , 0.1 , 0.1 , 86.8 , 0.1 , 6361 ] , [  36.7 , 0.2 , 0.5 , 62.6 , 0.0 , 5603 ] , [  12.8 , 0.1 , 0.6 , 86.4 , 0.1 , 2282 ]
])
] ,
'Isiolo' : [
[
'Kenya' , 'Rural' , 'Urban' , 'IsioloCounty' , 'IsioloNorthConstituency' , 'Wabera' , 'BulaPesa' , 'Chari' , 'Cherab' , 'NgareMara' , 'Burat' , 'Oldonyiro' , 'IsioloSouthConstituency' , 'Garbatulla' , 'Kinna' , 'Sericho' , ] ,
numpy.array([
[  41.2 , 1.6 , 0.7 , 56.0 , 0.5 , 8493380 ] , [  22.1 , 0.3 , 0.7 , 76.5 , 0.4 , 5239879 ] , [  71.8 , 3.5 , 0.9 , 23.0 , 0.8 , 3253501 ] , [  29.0 , 0.5 , 0.4 , 69.9 , 0.2 , 30877 ] , [  37.9 , 0.7 , 0.4 , 60.7 , 0.2 , 22149 ] , [  67.6 , 2.6 , 0.5 , 29.2 , 0.1 , 3647 ] , [  73.8 , 0.7 , 0.7 , 24.8 , 0.1 , 6145 ] , [  1.3 , 0.0 , 0.6 , 97.8 , 0.4 , 1024 ] , [  3.9 , 0.0 , 0.2 , 95.2 , 0.6 , 3256 ] , [  29.7 , 0.4 , 0.1 , 69.5 , 0.4 , 1133 ] , [  20.4 , 0.3 , 0.6 , 78.6 , 0.1 , 3822 ] , [  4.5 , 0.3 , 0.1 , 95.1 , 0.1 , 3122 ] , [  6.3 , 0.1 , 0.3 , 93.0 , 0.3 , 8728 ] , [  7.2 , 0.2 , 0.3 , 92.1 , 0.2 , 3473 ] , [  7.1 , 0.0 , 0.2 , 92.1 , 0.6 , 2908 ] , [  3.8 , 0.1 , 0.3 , 95.5 , 0.2 , 2347 ]
])
] ,
'Kajiado' : [
[
'Kenya' , 'Rural' , 'Urban' , 'KajiadoCounty' , 'KajiadoNorthConstituency' , 'Olkeri' , 'OngatRongai' , 'Nkaimurunya' , 'Oloolua' , 'Ngong' , 'KajiadoCentralConstituency' , 'Purko' , 'Ildamat' , 'Dalalekutuk' , 'MatapatoNorth' , 'MatapatoSouth' , 'KajiadoEastConstituency' , 'KaputieiNorth' , 'Kitengela' , 'OloosirkonSholinke' , 'KenyewaPoka' , 'Imaroro' , 'KajiadoWestConstituency' , 'Keekonyokie' , 'Oloodokilan' , 'Magadi' , 'EwuasoKedong' , 'Mosiro' , 'KajiadoSouthConstituency' , 'EntonetLengism' , 'ImbirikaniEsselengei' , 'Kuku' , 'Rombo' , 'Kimana' , ] ,
numpy.array([
[  41.2 , 1.6 , 0.7 , 56.0 , 0.5 , 8493380 ] , [  22.1 , 0.3 , 0.7 , 76.5 , 0.4 , 5239879 ] , [  71.8 , 3.5 , 0.9 , 23.0 , 0.8 , 3253501 ] , [  57.2 , 3.6 , 0.3 , 38.5 , 0.4 , 170129 ] , [  80.9 , 7.7 , 0.4 , 10.4 , 0.6 , 56678 ] , [  79.0 , 8.2 , 0.5 , 12.2 , 0.1 , 11049 ] , [  81.2 , 13.9 , 0.4 , 2.9 , 1.6 , 12945 ] , [  84.3 , 3.8 , 0.2 , 11.6 , 0.2 , 17417 ] , [  83.7 , 6.8 , 0.5 , 8.5 , 0.5 , 9561 ] , [  68.9 , 6.3 , 0.5 , 24.0 , 0.4 , 5706 ] , [  37.5 , 0.8 , 0.2 , 61.3 , 0.2 , 22398 ] , [  15.6 , 0.3 , 1.0 , 82.8 , 0.3 , 1007 ] , [  60.9 , 2.6 , 0.3 , 36.2 , 0.1 , 1990 ] , [  54.1 , 0.6 , 0.3 , 44.8 , 0.1 , 6296 ] , [  21.7 , 0.2 , 0.1 , 77.8 , 0.2 , 6436 ] , [  33.4 , 1.0 , 0.2 , 65.2 , 0.2 , 6669 ] , [  72.0 , 3.1 , 0.2 , 24.4 , 0.2 , 36689 ] , [  67.9 , 0.5 , 0.2 , 31.3 , 0.1 , 7916 ] , [  88.3 , 6.2 , 0.3 , 5.1 , 0.1 , 10220 ] , [  86.5 , 3.7 , 0.3 , 9.2 , 0.3 , 10069 ] , [  47.1 , 1.5 , 0.3 , 51.1 , 0.1 , 5170 ] , [  26.5 , 0.5 , 0.2 , 72.4 , 0.4 , 3314 ] , [  34.3 , 1.4 , 0.3 , 63.6 , 0.4 , 25232 ] , [  56.2 , 2.5 , 0.4 , 40.8 , 0.2 , 9328 ] , [  10.1 , 0.1 , 0.0 , 89.4 , 0.4 , 3090 ] , [  22.2 , 0.4 , 0.3 , 75.9 , 1.1 , 5533 ] , [  31.0 , 1.5 , 0.2 , 67.3 , 0.0 , 5986 ] , [  2.0 , 0.4 , 0.5 , 96.9 , 0.2 , 1295 ] , [  27.5 , 0.3 , 0.4 , 71.4 , 0.4 , 29132 ] , [  10.1 , 0.2 , 0.3 , 89.4 , 0.1 , 4606 ] , [  11.2 , 0.8 , 0.1 , 87.6 , 0.3 , 3876 ] , [  35.5 , 0.3 , 0.6 , 63.5 , 0.2 , 8296 ] , [  34.1 , 0.2 , 0.3 , 64.3 , 1.1 , 8055 ] , [  33.2 , 0.1 , 0.3 , 66.2 , 0.2 , 4299 ]
])
] ,
'Kakamega' : [
[
'Kenya' , 'Rural' , 'Urban' , 'KakamegaCounty' , 'LugariConstituency' , 'Mautuma' , 'Lugari' , 'Lumakanda' , 'Chekalini' , 'Chevaywa' , 'Luandeti' , 'LikuyaniConstituency' , 'Likuyani' , 'Sango' , 'Kongoni' , 'Nzoia' , 'Sinoko' , 'MalavaConstituency' , 'WestKabras' , 'Chemuche' , 'EastKabras' , 'ButaliChegulo' , 'MandaShivanga' , 'ShiruguMugai' , 'SouthKabras' , 'LurambiConstituency' , 'ButsotsoEast' , 'SouthButsotso' , 'CentralButsotso' , 'Shieywe' , 'Mahiakalo' , 'Shirere' , 'NavakholoConstituency' , 'IngotseMatiha' , 'ShinoyiShikomariEsumeiya' , 'BunyalaWest' , 'BunyalaEast' , 'BunyalaCentral' , 'MumiasWestConstituency' , 'MumiasCentral' , 'MumiasNorth' , 'Etenje' , 'Musanda' , 'MumiasEastConstituency' , 'LusheyaLubinu' , 'MalahaIsongoMakunga' , 'EastWanga' , 'MatunguConstituency' , 'Koyonzo' , 'Kholera' , 'Khalaba' , 'Mayoni' , 'Namamali' , 'ButereConstituency' , 'MaramaWest' , 'MaramaCentral' , 'MarenyoShianda' , 'MaramaNorth' , 'MaramaSouth' , 'KhwiseroConstituency' , 'KisaNorth' , 'KisaEast' , 'KisaWest' , 'KisaCentral' , 'ShinyaluConstituency' , 'IsukhaNorth' , 'Murhanda' , 'IsukhaCentral' , 'IsukhaSouth' , 'IsukhaEast' , 'IsukhaWest' , 'IkolomaniConstituency' , 'IdakhoSouth' , 'IdakhoEast' , 'IdakhoNorth' , 'IdakhoCentral' , ] ,
numpy.array([
[  41.2 , 1.6 , 0.7 , 56.0 , 0.5 , 8493380 ] , [  22.1 , 0.3 , 0.7 , 76.5 , 0.4 , 5239879 ] , [  71.8 , 3.5 , 0.9 , 23.0 , 0.8 , 3253501 ] , [  18.4 , 0.3 , 0.4 , 80.4 , 0.4 , 349735 ] , [  16.2 , 0.3 , 0.3 , 83.1 , 0.1 , 33251 ] , [  10.7 , 0.2 , 0.3 , 88.8 , 0.0 , 5034 ] , [  12.5 , 0.2 , 0.3 , 86.7 , 0.2 , 6192 ] , [  28.7 , 0.4 , 0.6 , 70.1 , 0.2 , 6319 ] , [  19.9 , 0.7 , 0.5 , 78.8 , 0.1 , 3808 ] , [  12.3 , 0.1 , 0.2 , 87.3 , 0.2 , 6564 ] , [  12.7 , 0.1 , 0.3 , 86.8 , 0.1 , 5334 ] , [  24.9 , 0.4 , 0.3 , 74.1 , 0.3 , 25690 ] , [  25.5 , 0.5 , 0.5 , 73.3 , 0.2 , 5704 ] , [  11.5 , 0.3 , 0.3 , 87.5 , 0.4 , 4438 ] , [  26.3 , 0.3 , 0.3 , 73.0 , 0.1 , 4868 ] , [  33.6 , 0.6 , 0.2 , 65.6 , 0.0 , 6382 ] , [  23.3 , 0.3 , 0.4 , 74.9 , 1.1 , 4298 ] , [  12.8 , 0.1 , 0.3 , 86.4 , 0.5 , 40053 ] , [  4.3 , 0.0 , 0.3 , 95.2 , 0.2 , 5018 ] , [  20.7 , 0.2 , 0.3 , 78.7 , 0.1 , 5737 ] , [  14.5 , 0.1 , 0.5 , 82.7 , 2.2 , 4461 ] , [  14.2 , 0.2 , 0.4 , 85.2 , 0.1 , 6356 ] , [  7.8 , 0.1 , 0.4 , 91.6 , 0.2 , 5930 ] , [  12.2 , 0.1 , 0.1 , 87.5 , 0.1 , 4865 ] , [  14.4 , 0.1 , 0.2 , 84.6 , 0.7 , 7686 ] , [  45.9 , 1.1 , 0.4 , 52.0 , 0.6 , 36197 ] , [  15.7 , 0.5 , 0.3 , 83.4 , 0.3 , 4746 ] , [  14.4 , 0.1 , 0.2 , 85.1 , 0.1 , 3641 ] , [  21.4 , 0.5 , 0.3 , 77.3 , 0.5 , 5278 ] , [  68.6 , 1.7 , 0.3 , 28.4 , 1.0 , 12715 ] , [  46.3 , 2.4 , 0.7 , 48.6 , 1.9 , 2613 ] , [  59.3 , 1.0 , 0.6 , 38.8 , 0.2 , 7204 ] , [  8.0 , 0.1 , 0.4 , 91.1 , 0.5 , 27107 ] , [  8.7 , 0.2 , 0.2 , 90.6 , 0.3 , 4313 ] , [  8.6 , 0.0 , 0.3 , 90.9 , 0.2 , 5131 ] , [  7.1 , 0.1 , 0.3 , 92.4 , 0.1 , 7478 ] , [  6.6 , 0.1 , 0.5 , 92.5 , 0.2 , 4446 ] , [  9.0 , 0.2 , 0.6 , 88.7 , 1.5 , 5739 ] , [  32.7 , 0.5 , 0.5 , 65.9 , 0.4 , 25915 ] , [  46.9 , 0.8 , 0.8 , 51.2 , 0.2 , 9248 ] , [  69.2 , 0.6 , 0.2 , 28.1 , 1.9 , 3986 ] , [  9.5 , 0.2 , 0.5 , 89.7 , 0.1 , 5984 ] , [  12.1 , 0.2 , 0.1 , 87.4 , 0.2 , 6697 ] , [  12.9 , 0.3 , 1.1 , 84.6 , 1.1 , 21148 ] , [  13.8 , 0.3 , 1.1 , 82.7 , 2.2 , 7946 ] , [  11.3 , 0.2 , 2.0 , 85.9 , 0.6 , 6403 ] , [  13.5 , 0.3 , 0.3 , 85.7 , 0.2 , 6799 ] , [  13.4 , 0.2 , 0.3 , 85.5 , 0.7 , 30486 ] , [  12.2 , 0.3 , 0.3 , 87.1 , 0.2 , 7513 ] , [  17.2 , 0.2 , 0.3 , 80.8 , 1.5 , 5838 ] , [  5.2 , 0.1 , 0.3 , 94.1 , 0.2 , 4024 ] , [  21.0 , 0.3 , 0.3 , 77.0 , 1.4 , 6632 ] , [  8.5 , 0.1 , 0.3 , 91.0 , 0.1 , 6479 ] , [  12.4 , 0.3 , 0.4 , 86.7 , 0.2 , 30479 ] , [  10.8 , 0.3 , 0.6 , 88.1 , 0.2 , 6659 ] , [  16.8 , 0.3 , 0.5 , 82.3 , 0.2 , 9585 ] , [  8.1 , 0.2 , 0.4 , 91.1 , 0.2 , 5106 ] , [  10.6 , 0.2 , 0.3 , 88.7 , 0.2 , 4627 ] , [  12.2 , 0.2 , 0.5 , 86.9 , 0.2 , 4502 ] , [  10.8 , 0.2 , 0.5 , 88.3 , 0.2 , 23225 ] , [  9.4 , 0.1 , 0.4 , 89.6 , 0.4 , 4175 ] , [  9.8 , 0.1 , 0.3 , 89.4 , 0.4 , 4429 ] , [  12.1 , 0.2 , 1.0 , 86.5 , 0.2 , 4895 ] , [  11.2 , 0.2 , 0.4 , 88.2 , 0.1 , 9726 ] , [  14.3 , 0.3 , 0.5 , 84.6 , 0.4 , 33555 ] , [  22.7 , 0.3 , 0.2 , 76.7 , 0.1 , 4770 ] , [  9.3 , 0.3 , 0.3 , 90.1 , 0.1 , 5942 ] , [  13.5 , 0.2 , 0.5 , 84.5 , 1.3 , 7213 ] , [  15.5 , 0.4 , 0.6 , 83.4 , 0.1 , 7631 ] , [  12.6 , 0.1 , 0.4 , 86.8 , 0.2 , 3840 ] , [  12.3 , 0.6 , 0.7 , 86.2 , 0.2 , 4159 ] , [  10.6 , 0.2 , 0.4 , 88.6 , 0.1 , 22629 ] , [  10.2 , 0.2 , 0.3 , 89.2 , 0.1 , 4562 ] , [  11.2 , 0.2 , 0.5 , 88.0 , 0.1 , 5873 ] , [  9.8 , 0.2 , 0.4 , 89.5 , 0.1 , 5485 ] , [  10.9 , 0.3 , 0.5 , 88.2 , 0.1 , 6709 ]
])
] ,
'Kericho' : [
[
'Kenya' , 'Rural' , 'Urban' , 'KerichoCounty' , 'KipkelionEastConstituency' , 'Londiani' , 'KedowaKimugul' , 'Chepseon' , 'TendenoSorget' , 'KipkelionWestConstituency' , 'Kunyak' , 'Kamasian' , 'Kipkelion' , 'Chilchila' , 'AinamoiConstituency' , 'Kapsoit' , 'Ainamoi' , 'Kapkugerwet' , 'Kipchebor' , 'Kipchimchim' , 'Kapsaos' , 'BuretiConstituency' , 'Kisiara' , 'Tebesonik' , 'Cheboin' , 'Chemosot' , 'Litein' , 'Cheplanget' , 'Kapkatet' , 'BelgutConstituency' , 'Waldai' , 'Kabianga' , 'CheptororietSeretut' , 'Chaik' , 'Kapsuser' , 'SigowetSoinConstituency' , 'Sigowet' , 'Kaplelartet' , 'Soliat' , 'Soin' , ] ,
numpy.array([
[  41.2 , 1.6 , 0.7 , 56.0 , 0.5 , 8493380 ] , [  22.1 , 0.3 , 0.7 , 76.5 , 0.4 , 5239879 ] , [  71.8 , 3.5 , 0.9 , 23.0 , 0.8 , 3253501 ] , [  34.4 , 0.4 , 0.7 , 64.2 , 0.3 , 154132 ] , [  33.5 , 0.3 , 1.4 , 64.6 , 0.2 , 22520 ] , [  17.2 , 0.3 , 0.7 , 81.7 , 0.1 , 4718 ] , [  31.0 , 0.2 , 1.2 , 67.5 , 0.2 , 7263 ] , [  52.7 , 0.4 , 0.9 , 45.8 , 0.2 , 8128 ] , [  8.9 , 0.2 , 4.9 , 86.0 , 0.1 , 2411 ] , [  11.1 , 0.1 , 1.6 , 87.1 , 0.2 , 18864 ] , [  9.8 , 0.0 , 2.0 , 88.0 , 0.2 , 4175 ] , [  7.4 , 0.0 , 2.4 , 90.0 , 0.2 , 4007 ] , [  17.5 , 0.1 , 1.3 , 81.0 , 0.2 , 4864 ] , [  9.2 , 0.1 , 1.0 , 89.6 , 0.2 , 5818 ] , [  53.8 , 0.7 , 0.5 , 44.7 , 0.3 , 32267 ] , [  26.4 , 0.2 , 0.4 , 72.9 , 0.1 , 5337 ] , [  15.5 , 0.0 , 0.5 , 84.0 , 0.0 , 3236 ] , [  79.7 , 1.2 , 0.7 , 17.8 , 0.5 , 7216 ] , [  87.0 , 1.4 , 0.5 , 10.6 , 0.5 , 8097 ] , [  63.8 , 0.5 , 0.5 , 35.1 , 0.1 , 2632 ] , [  16.8 , 0.2 , 0.6 , 82.3 , 0.1 , 5749 ] , [  25.9 , 0.3 , 0.6 , 72.8 , 0.5 , 31560 ] , [  23.4 , 0.3 , 0.7 , 75.5 , 0.1 , 4115 ] , [  28.2 , 0.2 , 0.8 , 70.6 , 0.2 , 4256 ] , [  14.5 , 0.2 , 0.4 , 84.8 , 0.1 , 4145 ] , [  25.6 , 0.3 , 0.5 , 70.9 , 2.7 , 4649 ] , [  40.6 , 0.4 , 0.4 , 58.5 , 0.1 , 5218 ] , [  9.2 , 0.1 , 0.3 , 90.5 , 0.0 , 4796 ] , [  38.1 , 0.5 , 1.0 , 60.3 , 0.1 , 4381 ] , [  49.0 , 0.4 , 0.5 , 49.7 , 0.4 , 28595 ] , [  25.0 , 0.3 , 0.4 , 74.2 , 0.1 , 6225 ] , [  26.5 , 0.3 , 0.4 , 72.7 , 0.1 , 6953 ] , [  41.9 , 0.4 , 0.4 , 57.2 , 0.0 , 4154 ] , [  97.5 , 0.5 , 0.6 , 0.1 , 1.3 , 7098 ] , [  46.9 , 0.6 , 0.5 , 51.7 , 0.4 , 4165 ] , [  18.5 , 0.1 , 0.3 , 80.8 , 0.2 , 20326 ] , [  16.5 , 0.2 , 0.4 , 82.9 , 0.0 , 6844 ] , [  25.8 , 0.2 , 0.3 , 73.7 , 0.1 , 6312 ] , [  16.4 , 0.1 , 0.4 , 82.3 , 0.8 , 3255 ] , [  11.9 , 0.1 , 0.2 , 87.5 , 0.3 , 3915 ]
])
] ,
'Kiambu' : [
[
'Kenya' , 'Rural' , 'Urban' , 'KiambuCounty' , 'GatunduSouthConstituency' , 'Kiamwangi' , 'Kiganjo' , 'Ndarugu' , 'Ngenda' , 'GatunduNorthConstituency' , 'Gituamba' , 'Githobokoni' , 'Chania' , 'Mangu' , 'JujaConstituency' , 'Murera' , 'Theta' , 'Juja' , 'Witeithie' , 'Kalimoni' , 'ThikaTownConstituency' , 'Township' , 'Kamenu' , 'Hospital' , 'Gatuanyaga' , 'Ngoliba' , 'RuiruConstituency' , 'Gitothua' , 'Biashara' , 'Gatongora' , 'KahawaSukari' , 'KahawaWendani' , 'Kiuu' , 'Mwiki' , 'Mwihoko' , 'GithunguriConstituency' , 'Githunguri' , 'Githiga' , 'Ikinu' , 'Ngewa' , 'Komothai' , 'KiambuConstituency' , 'Tinganga' , 'Ndumberi' , 'Riabai' , 'Township' , 'KiambaaConstituency' , 'Cianda' , 'Karuri' , 'Ndenderu' , 'Muchatha' , 'Kihara' , 'KabeteConstituency' , 'Gitaru' , 'Muguga' , 'Nyathuna' , 'Kabete' , 'Uthiru' , 'KikuyuConstituency' , 'Karai' , 'Nachu' , 'Sigona' , 'Kikuyu' , 'Kinoo' , 'LimuruConstituency' , 'Bibirioni' , 'LimuruCentral' , 'Ndeiya' , 'LimuruEast' , 'NgechaTigoni' , 'LariConstituency' , 'Kinale' , 'Kijabe' , 'Nyanduma' , 'Kamburu' , 'LariKirenga' , ] ,
numpy.array([
[  41.2 , 1.6 , 0.7 , 56.0 , 0.5 , 8493380 ] , [  22.1 , 0.3 , 0.7 , 76.5 , 0.4 , 5239879 ] , [  71.8 , 3.5 , 0.9 , 23.0 , 0.8 , 3253501 ] , [  74.7 , 2.2 , 0.4 , 22.5 , 0.1 , 456310 ] , [  49.9 , 0.8 , 0.4 , 48.9 , 0.1 , 29618 ] , [  51.5 , 0.7 , 0.5 , 47.1 , 0.1 , 5343 ] , [  46.1 , 0.5 , 0.4 , 53.0 , 0.1 , 6934 ] , [  36.6 , 0.6 , 0.2 , 62.6 , 0.1 , 5066 ] , [  56.8 , 1.0 , 0.4 , 41.7 , 0.1 , 12275 ] , [  47.1 , 0.9 , 0.3 , 51.6 , 0.1 , 24960 ] , [  43.3 , 1.4 , 0.7 , 54.5 , 0.2 , 6993 ] , [  41.4 , 0.4 , 0.4 , 57.7 , 0.2 , 5108 ] , [  53.6 , 0.6 , 0.2 , 45.5 , 0.0 , 6644 ] , [  49.1 , 1.0 , 0.1 , 49.7 , 0.1 , 6215 ] , [  82.0 , 2.8 , 0.2 , 14.8 , 0.2 , 36805 ] , [  76.7 , 4.2 , 0.5 , 18.2 , 0.3 , 4753 ] , [  76.5 , 3.8 , 0.3 , 19.3 , 0.1 , 6015 ] , [  88.8 , 2.8 , 0.1 , 8.1 , 0.1 , 11133 ] , [  83.7 , 0.4 , 0.3 , 15.4 , 0.1 , 8887 ] , [  76.8 , 4.0 , 0.2 , 18.7 , 0.3 , 6017 ] , [  77.2 , 2.2 , 0.2 , 20.2 , 0.1 , 51421 ] , [  49.6 , 5.0 , 0.3 , 44.8 , 0.3 , 12480 ] , [  94.0 , 1.4 , 0.1 , 4.4 , 0.1 , 24535 ] , [  87.1 , 1.6 , 0.5 , 10.8 , 0.0 , 8411 ] , [  55.1 , 0.5 , 0.2 , 44.2 , 0.0 , 3624 ] , [  48.0 , 0.6 , 0.4 , 50.5 , 0.5 , 2371 ] , [  90.8 , 3.5 , 0.3 , 5.2 , 0.2 , 63701 ] , [  85.3 , 4.8 , 0.4 , 8.8 , 0.7 , 4875 ] , [  92.8 , 1.2 , 0.1 , 5.8 , 0.1 , 14363 ] , [  66.0 , 5.2 , 0.3 , 28.4 , 0.1 , 3780 ] , [  46.4 , 43.6 , 3.5 , 4.8 , 1.7 , 1971 ] , [  92.7 , 6.2 , 0.2 , 0.9 , 0.0 , 5867 ] , [  96.2 , 1.4 , 0.1 , 2.3 , 0.0 , 14662 ] , [  98.4 , 0.7 , 0.1 , 0.8 , 0.1 , 15010 ] , [  82.9 , 4.2 , 0.3 , 12.6 , 0.1 , 3173 ] , [  67.4 , 1.0 , 0.4 , 31.1 , 0.1 , 38845 ] , [  73.5 , 0.9 , 0.3 , 25.1 , 0.1 , 9490 ] , [  63.8 , 1.2 , 0.4 , 34.6 , 0.0 , 8315 ] , [  69.2 , 1.0 , 0.2 , 29.4 , 0.1 , 5913 ] , [  70.7 , 0.7 , 0.5 , 28.1 , 0.1 , 6973 ] , [  59.9 , 0.9 , 0.6 , 38.4 , 0.1 , 8154 ] , [  82.4 , 4.1 , 0.5 , 12.8 , 0.2 , 31187 ] , [  74.2 , 3.0 , 0.5 , 22.2 , 0.1 , 5368 ] , [  83.0 , 2.0 , 0.1 , 14.7 , 0.1 , 9723 ] , [  86.9 , 2.6 , 0.2 , 10.2 , 0.1 , 7805 ] , [  82.7 , 8.7 , 1.3 , 6.7 , 0.5 , 8291 ] , [  85.2 , 2.6 , 0.5 , 11.6 , 0.1 , 41543 ] , [  80.7 , 1.3 , 0.6 , 17.3 , 0.1 , 4510 ] , [  79.4 , 2.1 , 1.1 , 17.1 , 0.2 , 7829 ] , [  87.2 , 3.6 , 0.2 , 8.9 , 0.1 , 10216 ] , [  80.3 , 4.2 , 0.4 , 14.9 , 0.2 , 7595 ] , [  92.4 , 1.6 , 0.1 , 5.9 , 0.1 , 11393 ] , [  87.8 , 2.1 , 0.4 , 9.7 , 0.1 , 40275 ] , [  88.0 , 2.0 , 0.6 , 9.4 , 0.0 , 8607 ] , [  77.9 , 1.3 , 0.4 , 20.3 , 0.1 , 7192 ] , [  84.4 , 1.9 , 0.5 , 13.0 , 0.3 , 7516 ] , [  92.4 , 3.0 , 0.4 , 4.3 , 0.0 , 9610 ] , [  94.5 , 2.0 , 0.3 , 3.2 , 0.0 , 7350 ] , [  78.1 , 3.0 , 0.5 , 18.2 , 0.1 , 35459 ] , [  72.7 , 1.5 , 0.2 , 25.6 , 0.0 , 5325 ] , [  49.6 , 1.9 , 0.6 , 47.9 , 0.1 , 4752 ] , [  73.1 , 2.2 , 0.6 , 24.2 , 0.0 , 7022 ] , [  86.6 , 4.6 , 0.8 , 7.6 , 0.3 , 9689 ] , [  91.7 , 3.5 , 0.4 , 4.3 , 0.1 , 8671 ] , [  70.5 , 1.4 , 1.0 , 26.8 , 0.3 , 32228 ] , [  65.3 , 1.9 , 0.5 , 32.1 , 0.3 , 4791 ] , [  77.6 , 1.0 , 0.6 , 20.6 , 0.1 , 8672 ] , [  42.0 , 0.5 , 0.3 , 57.0 , 0.2 , 6149 ] , [  82.9 , 0.9 , 1.4 , 14.0 , 0.8 , 6116 ] , [  80.0 , 3.0 , 2.0 , 14.9 , 0.1 , 6500 ] , [  45.0 , 1.0 , 0.7 , 53.1 , 0.2 , 30268 ] , [  19.8 , 0.3 , 0.9 , 78.3 , 0.7 , 5507 ] , [  52.1 , 2.0 , 1.2 , 44.5 , 0.1 , 6832 ] , [  46.2 , 0.4 , 0.6 , 52.6 , 0.2 , 6096 ] , [  53.1 , 1.1 , 0.5 , 45.4 , 0.0 , 4818 ] , [  51.3 , 0.8 , 0.4 , 47.4 , 0.0 , 7015 ]
])
] ,
'Kilifi' : [
[
'Kenya' , 'Rural' , 'Urban' , 'KilifiCounty' , 'KilifiNorthConstituency' , 'Tezo' , 'Sokoni' , 'Kibarani' , 'Dabaso' , 'Matsangoni' , 'Watamu' , 'Mnarani' , 'KilifiSouthConstituency' , 'Junju' , 'Mwarakaya' , 'ShimoLaTewa' , 'Chasimba' , 'Mtepeni' , 'KaloleniConstituency' , 'Mariakani' , 'Kayafungo' , 'Kaloleni' , 'Mwanamwinga' , 'RabaiConstituency' , 'Mwawesa' , 'Ruruma' , 'KambaRibe' , 'RabaiKisurutini' , 'GanzeConstituency' , 'Ganze' , 'Bamba' , 'Jaribuni' , 'Sokoke' , 'MalindiConstituency' , 'Jilore' , 'Kakuyuni' , 'Ganda' , 'MalindiTown' , 'Shella' , 'MagariniConstituency' , 'Marafa' , 'Magarini' , 'Gongoni' , 'Adu' , 'Garashi' , 'Sabaki' , ] ,
numpy.array([
[  41.2 , 1.6 , 0.7 , 56.0 , 0.5 , 8493380 ] , [  22.1 , 0.3 , 0.7 , 76.5 , 0.4 , 5239879 ] , [  71.8 , 3.5 , 0.9 , 23.0 , 0.8 , 3253501 ] , [  32.4 , 1.1 , 0.3 , 65.0 , 1.2 , 190729 ] , [  36.7 , 1.1 , 0.3 , 58.1 , 3.8 , 35618 ] , [  22.1 , 0.2 , 0.2 , 74.8 , 2.7 , 3775 ] , [  53.6 , 1.4 , 0.3 , 31.7 , 13.0 , 8528 ] , [  15.7 , 0.4 , 0.5 , 83.3 , 0.1 , 3468 ] , [  30.9 , 1.6 , 0.2 , 67.3 , 0.0 , 3990 ] , [  13.1 , 0.2 , 0.1 , 86.5 , 0.1 , 4684 ] , [  60.3 , 2.7 , 0.3 , 36.2 , 0.5 , 5180 ] , [  36.1 , 0.9 , 0.1 , 61.2 , 1.7 , 5993 ] , [  40.6 , 2.3 , 0.3 , 55.7 , 1.1 , 35808 ] , [  26.3 , 0.6 , 0.5 , 72.2 , 0.4 , 5668 ] , [  6.9 , 0.1 , 0.3 , 92.3 , 0.4 , 4494 ] , [  70.6 , 5.0 , 0.3 , 22.2 , 2.0 , 13699 ] , [  6.1 , 0.1 , 0.2 , 93.6 , 0.1 , 5042 ] , [  40.0 , 1.2 , 0.2 , 57.2 , 1.3 , 6905 ] , [  27.2 , 0.9 , 0.2 , 71.6 , 0.1 , 24455 ] , [  55.2 , 2.3 , 0.3 , 42.0 , 0.2 , 8352 ] , [  6.7 , 0.1 , 0.2 , 93.0 , 0.1 , 4669 ] , [  18.8 , 0.2 , 0.2 , 80.6 , 0.1 , 8569 ] , [  3.6 , 0.1 , 0.1 , 96.0 , 0.1 , 2865 ] , [  25.0 , 0.5 , 0.2 , 73.0 , 1.2 , 15879 ] , [  8.4 , 0.2 , 0.3 , 91.0 , 0.1 , 2368 ] , [  9.3 , 0.1 , 0.2 , 90.1 , 0.2 , 3376 ] , [  23.2 , 0.7 , 0.3 , 75.5 , 0.3 , 2859 ] , [  38.5 , 0.7 , 0.1 , 58.3 , 2.4 , 7276 ] , [  6.5 , 0.1 , 0.2 , 93.1 , 0.2 , 19838 ] , [  8.3 , 0.1 , 0.1 , 91.4 , 0.0 , 4462 ] , [  6.7 , 0.1 , 0.2 , 92.7 , 0.3 , 5410 ] , [  4.6 , 0.1 , 0.2 , 94.9 , 0.1 , 3762 ] , [  6.2 , 0.0 , 0.2 , 93.5 , 0.1 , 6204 ] , [  55.7 , 1.5 , 0.3 , 42.0 , 0.6 , 33182 ] , [  10.5 , 0.1 , 0.3 , 88.7 , 0.4 , 2732 ] , [  7.3 , 0.0 , 0.1 , 92.5 , 0.1 , 2538 ] , [  16.0 , 0.3 , 0.2 , 83.3 , 0.2 , 4472 ] , [  73.7 , 1.5 , 0.1 , 24.4 , 0.3 , 13691 ] , [  74.1 , 2.6 , 0.6 , 21.5 , 1.3 , 9749 ] , [  14.8 , 0.5 , 0.3 , 83.9 , 0.4 , 25949 ] , [  8.4 , 0.0 , 0.2 , 90.9 , 0.5 , 2594 ] , [  13.0 , 0.3 , 0.2 , 86.4 , 0.1 , 5276 ] , [  22.9 , 0.2 , 0.3 , 75.7 , 0.9 , 5004 ] , [  9.3 , 0.1 , 0.3 , 90.1 , 0.3 , 6799 ] , [  3.1 , 0.1 , 0.4 , 96.1 , 0.3 , 3574 ] , [  39.4 , 3.6 , 0.3 , 56.3 , 0.4 , 2702 ]
])
] ,
'Kirinyaga' : [
[
'Kenya' , 'Rural' , 'Urban' , 'KirinyagaCounty' , 'MweaConstituency' , 'Mutithi' , 'Kangai' , 'Thiba' , 'Wamumu' , 'Nyangati' , 'Murinduko' , 'Gathigiriri' , 'Tebere' , 'GichuguConstituency' , 'Kabare' , 'Baragwi' , 'NjukiIni' , 'Ngariama' , 'Karumandi' , 'NdiaConstituency' , 'Mukure' , 'Kiine' , 'Kariti' , 'KirinyagaCentralConstituency' , 'Mutira' , 'Kanyekini' , 'Kerugoya' , 'Inoi' , ] ,
numpy.array([
[  41.2 , 1.6 , 0.7 , 56.0 , 0.5 , 8493380 ] , [  22.1 , 0.3 , 0.7 , 76.5 , 0.4 , 5239879 ] , [  71.8 , 3.5 , 0.9 , 23.0 , 0.8 , 3253501 ] , [  39.1 , 0.4 , 0.5 , 59.8 , 0.3 , 152646 ] , [  35.4 , 0.3 , 0.3 , 63.6 , 0.4 , 55098 ] , [  38.3 , 0.3 , 0.4 , 60.9 , 0.1 , 7574 ] , [  18.4 , 0.1 , 0.5 , 80.9 , 0.1 , 5276 ] , [  21.2 , 0.1 , 0.1 , 77.6 , 1.0 , 6882 ] , [  29.5 , 0.3 , 0.1 , 70.1 , 0.0 , 5063 ] , [  49.0 , 0.3 , 0.3 , 48.7 , 1.7 , 7560 ] , [  23.1 , 0.7 , 0.3 , 75.7 , 0.1 , 7480 ] , [  22.2 , 0.1 , 0.3 , 77.3 , 0.1 , 5154 ] , [  60.2 , 0.5 , 0.2 , 39.0 , 0.0 , 10109 ] , [  37.7 , 0.3 , 0.7 , 61.1 , 0.2 , 35870 ] , [  36.0 , 0.2 , 1.2 , 62.3 , 0.2 , 10993 ] , [  38.1 , 0.4 , 0.5 , 60.9 , 0.1 , 5861 ] , [  37.1 , 0.5 , 0.3 , 62.1 , 0.1 , 6721 ] , [  42.5 , 0.2 , 0.3 , 56.7 , 0.3 , 5378 ] , [  37.0 , 0.1 , 0.7 , 61.8 , 0.4 , 6917 ] , [  40.1 , 0.5 , 0.4 , 58.8 , 0.1 , 29233 ] , [  34.6 , 0.3 , 0.5 , 64.4 , 0.1 , 8775 ] , [  40.6 , 0.4 , 0.4 , 58.4 , 0.2 , 12187 ] , [  45.2 , 0.7 , 0.3 , 53.6 , 0.1 , 8271 ] , [  45.8 , 0.8 , 0.6 , 52.6 , 0.2 , 32445 ] , [  52.8 , 0.3 , 0.8 , 46.1 , 0.1 , 6766 ] , [  22.6 , 0.3 , 0.5 , 76.4 , 0.2 , 8761 ] , [  63.1 , 1.9 , 0.7 , 34.0 , 0.4 , 9052 ] , [  45.8 , 0.4 , 0.5 , 53.1 , 0.2 , 7866 ]
])
] ,
'Kisii' : [
[
'Kenya' , 'Rural' , 'Urban' , 'KisiiCounty' , 'BonchariConstituency' , 'Bomariba' , 'Bokiakumi' , 'Bomorenda' , 'Riana' , 'SouthMugirangoConstituency' , 'Tabaka' , 'Boikanga' , 'Bogetenga' , 'BorabuChitago' , 'Moticho' , 'Getenga' , 'BomachogeBorabuConstituency' , 'BombabaBorabu' , 'BoochiBorabu' , 'Bokimonge' , 'Magenche' , 'BobasiConstituency' , 'MasigeWest' , 'MasigeEast' , 'BassiCentral' , 'Nyacheki' , 'BassiBogetaorio' , 'BobasiChache' , 'SametaMokwerero' , 'BobasiBoitangare' , 'BomachogeChacheConstituency' , 'MajogeBassi' , 'BoochiTendere' , 'BosotiSengera' , 'NyaribariMasabaConstituency' , 'Ichuni' , 'Nyamasibi' , 'Masimba' , 'Gesusu' , 'Kiamokama' , 'NyaribariChacheConstituency' , 'Bobaracho' , 'KisiiCentral' , 'Keumbu' , 'Kiogoro' , 'Birongo' , 'Ibeno' , 'KitutuChacheNorthConstituency' , 'Monyerero' , 'Sensi' , 'Marani' , 'Kegogi' , 'KitutuChacheSouthConstituency' , 'Bogusero' , 'Bogeka' , 'Nyakoe' , 'KitutuCentral' , 'Nyatieko' , ] ,
numpy.array([
