import numpy
roofmaterial = {
'Baringo' : [
[
'Kenya' , 'Rural' , 'Urban' , 'BaringoCounty' , 'TiatyConstituency' , 'Tirioko' , 'Kollowa' , 'Ribkwo' , 'Silale' , 'Loiyamorok' , 'TangulbeiKorossi' , 'ChuroAmaya' , 'BaringoNorthConstituency' , 'Barwessa' , 'Kabartonjo' , 'SaimoKipsaram' , 'SaimoSoi' , 'Bartabwa' , 'BaringoCentralConstituency' , 'Kabarnet' , 'Sacho' , 'Tenges' , 'EwalelChapchap' , 'Kapropita' , 'BaringoSouthConstituency' , 'Marigat' , 'Ilchamus' , 'Mochongoi' , 'Mukutan' , 'MogotioConstituency' , 'Mogotio' , 'Emining' , 'Kisanana' , 'EldamaRavineConstituency' , 'Lembus' , 'LembusKwen' , 'Ravine' , 'MumberesMajiMazuri' , 'LembusPerkerra' , 'Koibatek' , ] ,
numpy.array([
[  73.5 , 2.2 , 3.6 , 2.2 , 13.3 , 3.2 , 0.3 , 0.8 , 1.0 , 8493380 ] , [  70.3 , 0.7 , 0.2 , 1.8 , 20.2 , 4.2 , 0.2 , 1.2 , 1.1 , 5239879 ] , [  78.5 , 4.6 , 9.1 , 2.9 , 2.1 , 1.5 , 0.3 , 0.1 , 0.9 , 3253501 ] , [  57.5 , 1.0 , 0.1 , 1.5 , 39.1 , 0.2 , 0.1 , 0.1 , 0.5 , 107133 ] , [  7.6 , 0.4 , 0.0 , 0.2 , 90.9 , 0.5 , 0.1 , 0.1 , 0.2 , 21152 ] , [  1.3 , 0.1 , 0.0 , 0.1 , 98.0 , 0.2 , 0.0 , 0.1 , 0.2 , 3748 ] , [  6.6 , 0.4 , 0.0 , 0.2 , 92.6 , 0.0 , 0.0 , 0.1 , 0.0 , 3069 ] , [  15.7 , 0.3 , 0.0 , 0.3 , 83.2 , 0.0 , 0.1 , 0.1 , 0.3 , 2511 ] , [  0.2 , 0.1 , 0.0 , 0.1 , 97.3 , 2.2 , 0.0 , 0.0 , 0.1 , 3289 ] , [  15.9 , 2.1 , 0.1 , 0.1 , 81.6 , 0.0 , 0.1 , 0.1 , 0.2 , 1977 ] , [  7.1 , 0.4 , 0.1 , 0.0 , 91.5 , 0.1 , 0.2 , 0.2 , 0.4 , 3376 ] , [  12.8 , 0.2 , 0.1 , 0.6 , 85.4 , 0.4 , 0.0 , 0.3 , 0.2 , 3182 ] , [  53.9 , 0.9 , 0.0 , 1.3 , 43.5 , 0.1 , 0.1 , 0.1 , 0.1 , 18935 ] , [  26.0 , 0.9 , 0.1 , 0.8 , 72.1 , 0.1 , 0.0 , 0.0 , 0.0 , 4943 ] , [  77.9 , 1.2 , 0.1 , 1.4 , 19.1 , 0.0 , 0.2 , 0.1 , 0.0 , 3811 ] , [  86.3 , 0.8 , 0.0 , 0.5 , 12.1 , 0.2 , 0.0 , 0.0 , 0.1 , 4154 ] , [  47.7 , 1.0 , 0.0 , 1.2 , 49.4 , 0.1 , 0.4 , 0.1 , 0.1 , 3663 ] , [  26.5 , 0.3 , 0.0 , 3.5 , 69.3 , 0.0 , 0.1 , 0.0 , 0.2 , 2364 ] , [  80.2 , 1.8 , 0.2 , 2.3 , 15.3 , 0.0 , 0.1 , 0.0 , 0.1 , 15864 ] , [  71.8 , 2.5 , 0.4 , 4.7 , 20.4 , 0.0 , 0.1 , 0.0 , 0.1 , 5419 ] , [  84.2 , 1.0 , 0.0 , 1.5 , 13.1 , 0.0 , 0.0 , 0.0 , 0.0 , 2025 ] , [  73.8 , 1.0 , 0.2 , 1.9 , 22.9 , 0.0 , 0.1 , 0.2 , 0.1 , 1967 ] , [  87.8 , 1.2 , 0.0 , 0.5 , 10.3 , 0.1 , 0.1 , 0.0 , 0.1 , 3245 ] , [  88.2 , 2.5 , 0.0 , 0.8 , 8.4 , 0.0 , 0.0 , 0.1 , 0.0 , 3208 ] , [  61.1 , 0.8 , 0.1 , 1.7 , 35.8 , 0.2 , 0.2 , 0.0 , 0.2 , 16823 ] , [  76.6 , 0.6 , 0.0 , 3.1 , 19.5 , 0.1 , 0.0 , 0.0 , 0.1 , 6615 ] , [  37.6 , 0.9 , 0.1 , 0.1 , 60.3 , 0.2 , 0.5 , 0.1 , 0.1 , 2901 ] , [  67.6 , 0.9 , 0.0 , 1.1 , 29.6 , 0.3 , 0.0 , 0.1 , 0.3 , 5651 ] , [  18.4 , 0.8 , 0.0 , 0.7 , 78.9 , 0.2 , 0.6 , 0.0 , 0.4 , 1656 ] , [  68.6 , 1.1 , 0.0 , 0.1 , 29.0 , 0.3 , 0.0 , 0.0 , 0.8 , 11853 ] , [  75.9 , 1.5 , 0.0 , 0.2 , 20.9 , 0.1 , 0.1 , 0.0 , 1.3 , 5575 ] , [  63.5 , 0.5 , 0.0 , 0.1 , 35.7 , 0.0 , 0.0 , 0.0 , 0.1 , 3243 ] , [  60.7 , 1.0 , 0.0 , 0.0 , 36.6 , 0.9 , 0.0 , 0.0 , 0.8 , 3035 ] , [  82.9 , 1.2 , 0.3 , 2.8 , 11.1 , 0.1 , 0.2 , 0.1 , 1.3 , 22506 ] , [  76.2 , 1.3 , 0.0 , 2.8 , 15.4 , 0.2 , 0.0 , 0.0 , 4.0 , 4303 ] , [  78.2 , 0.6 , 0.0 , 8.0 , 13.0 , 0.0 , 0.1 , 0.1 , 0.0 , 3892 ] , [  92.4 , 1.7 , 1.2 , 2.2 , 1.2 , 0.0 , 0.8 , 0.1 , 0.4 , 4363 ] , [  87.9 , 1.1 , 0.0 , 2.3 , 6.4 , 0.4 , 0.0 , 0.0 , 1.8 , 4078 ] , [  82.2 , 0.9 , 0.2 , 0.0 , 16.3 , 0.0 , 0.1 , 0.2 , 0.1 , 3429 ] , [  78.1 , 1.3 , 0.2 , 0.2 , 19.0 , 0.1 , 0.0 , 0.0 , 1.0 , 2441 ]
])
] ,
'Bomet' : [
[
'Kenya' , 'Rural' , 'Urban' , 'BometCounty' , 'SotikConstituency' , 'NdanaiAbosi' , 'Chemagel' , 'Kipsonoi' , 'Kapletundo' , 'RongenaChebilat' , 'ChepalunguConstituency' , 'KongAsis' , 'Nyangores' , 'Sigor' , 'Chebunyo' , 'Siongiroi' , 'BometEastConstituency' , 'Merigi' , 'Kembu' , 'Longisa' , 'Kipreres' , 'Chemaner' , 'BometCentralConstituency' , 'SilibwetTownship' , 'Ndaraweta' , 'Sigorwet' , 'Cheseon' , 'Mutarakwa' , 'KonoinConstituency' , 'Chepchabas' , 'Kimulot' , 'Mogogosieki' , 'Boito' , 'Embomos' , ] ,
numpy.array([
[  73.5 , 2.2 , 3.6 , 2.2 , 13.3 , 3.2 , 0.3 , 0.8 , 1.0 , 8493380 ] , [  70.3 , 0.7 , 0.2 , 1.8 , 20.2 , 4.2 , 0.2 , 1.2 , 1.1 , 5239879 ] , [  78.5 , 4.6 , 9.1 , 2.9 , 2.1 , 1.5 , 0.3 , 0.1 , 0.9 , 3253501 ] , [  68.3 , 1.0 , 1.1 , 1.5 , 27.1 , 0.2 , 0.3 , 0.1 , 0.5 , 141219 ] , [  68.2 , 2.1 , 0.2 , 1.3 , 27.8 , 0.1 , 0.1 , 0.2 , 0.1 , 31878 ] , [  46.4 , 0.6 , 0.0 , 2.3 , 50.6 , 0.1 , 0.0 , 0.0 , 0.0 , 6746 ] , [  86.5 , 0.7 , 0.5 , 0.4 , 11.6 , 0.0 , 0.1 , 0.0 , 0.2 , 6500 ] , [  59.4 , 0.4 , 0.0 , 0.0 , 39.7 , 0.2 , 0.2 , 0.0 , 0.0 , 6001 ] , [  81.8 , 0.7 , 0.0 , 2.4 , 14.0 , 0.2 , 0.0 , 0.7 , 0.1 , 7244 ] , [  64.9 , 9.2 , 0.8 , 1.1 , 24.0 , 0.0 , 0.0 , 0.0 , 0.0 , 5387 ] , [  45.7 , 0.5 , 0.0 , 0.9 , 52.5 , 0.1 , 0.2 , 0.0 , 0.0 , 30094 ] , [  38.3 , 0.6 , 0.0 , 0.1 , 60.4 , 0.1 , 0.4 , 0.0 , 0.1 , 5166 ] , [  54.1 , 0.7 , 0.0 , 1.5 , 43.5 , 0.0 , 0.1 , 0.1 , 0.0 , 6706 ] , [  39.7 , 0.4 , 0.0 , 0.9 , 58.9 , 0.0 , 0.0 , 0.0 , 0.0 , 6335 ] , [  42.3 , 0.5 , 0.0 , 1.2 , 55.5 , 0.1 , 0.3 , 0.0 , 0.1 , 6469 ] , [  53.4 , 0.4 , 0.0 , 0.7 , 45.2 , 0.1 , 0.2 , 0.0 , 0.0 , 5418 ] , [  64.2 , 0.6 , 0.1 , 0.7 , 33.8 , 0.4 , 0.1 , 0.1 , 0.1 , 23897 ] , [  76.7 , 0.6 , 0.2 , 0.2 , 22.0 , 0.2 , 0.0 , 0.1 , 0.0 , 5297 ] , [  75.1 , 0.5 , 0.0 , 0.1 , 22.6 , 1.4 , 0.0 , 0.0 , 0.2 , 5021 ] , [  59.6 , 0.7 , 0.1 , 0.2 , 38.5 , 0.2 , 0.2 , 0.5 , 0.0 , 5465 ] , [  49.9 , 0.6 , 0.1 , 1.4 , 47.9 , 0.1 , 0.0 , 0.1 , 0.0 , 4625 ] , [  55.7 , 0.5 , 0.0 , 2.0 , 41.6 , 0.1 , 0.1 , 0.0 , 0.0 , 3489 ] , [  79.9 , 0.7 , 0.5 , 2.1 , 16.0 , 0.3 , 0.4 , 0.2 , 0.1 , 23572 ] , [  83.6 , 0.6 , 2.1 , 1.0 , 11.2 , 0.8 , 0.0 , 0.6 , 0.1 , 5394 ] , [  88.5 , 0.8 , 0.1 , 0.0 , 10.3 , 0.0 , 0.1 , 0.0 , 0.2 , 4109 ] , [  81.4 , 0.6 , 0.2 , 4.1 , 13.5 , 0.1 , 0.1 , 0.0 , 0.1 , 3930 ] , [  85.5 , 0.8 , 0.1 , 2.2 , 9.8 , 0.4 , 1.2 , 0.0 , 0.0 , 6466 ] , [  53.4 , 0.4 , 0.0 , 3.3 , 42.7 , 0.1 , 0.0 , 0.1 , 0.0 , 3673 ] , [  84.1 , 0.8 , 4.0 , 2.4 , 5.8 , 0.1 , 0.7 , 0.0 , 1.9 , 31778 ] , [  78.1 , 0.4 , 14.0 , 0.1 , 0.1 , 0.0 , 0.6 , 0.0 , 6.5 , 8826 ] , [  96.2 , 1.8 , 0.0 , 0.5 , 1.1 , 0.1 , 0.0 , 0.0 , 0.1 , 4420 ] , [  88.6 , 1.2 , 0.2 , 2.9 , 6.9 , 0.1 , 0.0 , 0.0 , 0.1 , 5688 ] , [  90.8 , 0.7 , 0.3 , 3.0 , 3.7 , 0.0 , 0.8 , 0.1 , 0.5 , 6618 ] , [  72.9 , 0.5 , 0.0 , 5.6 , 18.4 , 0.5 , 1.9 , 0.0 , 0.0 , 6226 ]
])
] ,
'Bungoma' : [
[
'Kenya' , 'Rural' , 'Urban' , 'BungomaCounty' , 'MtElgonConstituency' , 'Cheptais' , 'Chesikaki' , 'Chepyuk' , 'Kapkateny' , 'Kaptama' , 'Elgon' , 'SirisiaConstituency' , 'Namwela' , 'MalakisiSouthKulisiru' , 'Lwandanyi' , 'KabuchaiConstituency' , 'KabuchaiChwele' , 'WestNalondo' , 'BwakeLuuya' , 'Mukuyuni' , 'BumulaConstituency' , 'SouthBukusu' , 'Bumula' , 'Khasoko' , 'Kabula' , 'Kimaeti' , 'WestBukusu' , 'Siboti' , 'KanduyiConstituency' , 'BukembeWest' , 'BukembeEast' , 'Township' , 'Khalaba' , 'Musikoma' , 'EastSangAlo' , 'MarakaryTuuti' , 'WestSangAlo' , 'WebuyeEastConstituency' , 'Mihuu' , 'Ndivisi' , 'Maraka' , 'WebuyeWestConstituency' , 'Misikhu' , 'Sitikho' , 'Matulo' , 'Bokoli' , 'KimililiConstituency' , 'Kibingei' , 'Kimilili' , 'Maeni' , 'Kamukuywa' , 'TongarenConstituency' , 'Mbakalo' , 'NaitiriKabuyefwe' , 'Milima' , 'Ndalu' , 'Tongaren' , 'SoysambuMitua' , ] ,
numpy.array([
[  73.5 , 2.2 , 3.6 , 2.2 , 13.3 , 3.2 , 0.3 , 0.8 , 1.0 , 8493380 ] , [  70.3 , 0.7 , 0.2 , 1.8 , 20.2 , 4.2 , 0.2 , 1.2 , 1.1 , 5239879 ] , [  78.5 , 4.6 , 9.1 , 2.9 , 2.1 , 1.5 , 0.3 , 0.1 , 0.9 , 3253501 ] , [  77.6 , 0.5 , 0.1 , 2.7 , 18.5 , 0.1 , 0.2 , 0.0 , 0.2 , 260628 ] , [  63.0 , 0.4 , 0.1 , 2.1 , 33.0 , 0.2 , 0.2 , 0.0 , 0.9 , 31587 ] , [  81.5 , 0.3 , 0.0 , 0.6 , 16.9 , 0.1 , 0.3 , 0.0 , 0.3 , 5634 ] , [  71.0 , 0.4 , 0.0 , 2.9 , 25.1 , 0.2 , 0.0 , 0.0 , 0.3 , 4478 ] , [  38.6 , 0.3 , 0.1 , 1.2 , 54.3 , 1.0 , 1.0 , 0.1 , 3.5 , 4158 ] , [  58.1 , 0.5 , 0.1 , 6.7 , 33.9 , 0.2 , 0.0 , 0.0 , 0.6 , 5268 ] , [  55.1 , 0.4 , 0.1 , 1.5 , 41.7 , 0.0 , 0.1 , 0.0 , 1.0 , 6035 ] , [  68.9 , 0.6 , 0.0 , 0.4 , 29.6 , 0.1 , 0.0 , 0.0 , 0.4 , 6014 ] , [  64.0 , 0.4 , 0.1 , 2.4 , 32.9 , 0.0 , 0.0 , 0.2 , 0.0 , 19819 ] , [  75.9 , 0.6 , 0.0 , 5.3 , 17.6 , 0.0 , 0.1 , 0.5 , 0.0 , 5168 ] , [  64.0 , 0.5 , 0.1 , 1.1 , 34.3 , 0.0 , 0.0 , 0.1 , 0.0 , 6802 ] , [  56.2 , 0.3 , 0.1 , 1.5 , 41.8 , 0.1 , 0.0 , 0.1 , 0.0 , 7849 ] , [  80.1 , 0.5 , 0.0 , 3.8 , 15.2 , 0.1 , 0.0 , 0.1 , 0.2 , 27260 ] , [  76.1 , 0.4 , 0.1 , 10.1 , 13.0 , 0.0 , 0.0 , 0.1 , 0.1 , 7343 ] , [  82.0 , 0.6 , 0.0 , 0.7 , 16.6 , 0.0 , 0.0 , 0.0 , 0.0 , 6265 ] , [  78.5 , 0.6 , 0.0 , 2.9 , 17.4 , 0.1 , 0.0 , 0.1 , 0.4 , 6327 ] , [  83.9 , 0.5 , 0.0 , 1.0 , 14.2 , 0.1 , 0.0 , 0.0 , 0.1 , 7325 ] , [  57.1 , 0.4 , 0.0 , 1.9 , 40.0 , 0.1 , 0.2 , 0.0 , 0.1 , 34280 ] , [  74.4 , 0.3 , 0.0 , 4.5 , 20.6 , 0.0 , 0.0 , 0.0 , 0.0 , 4297 ] , [  55.9 , 0.5 , 0.0 , 1.9 , 40.8 , 0.2 , 0.0 , 0.0 , 0.4 , 6232 ] , [  53.4 , 0.7 , 0.1 , 4.2 , 41.3 , 0.2 , 0.0 , 0.0 , 0.1 , 2640 ] , [  80.2 , 0.3 , 0.0 , 2.5 , 17.0 , 0.0 , 0.0 , 0.0 , 0.0 , 4038 ] , [  48.8 , 0.4 , 0.0 , 1.2 , 49.4 , 0.1 , 0.0 , 0.1 , 0.0 , 7044 ] , [  56.5 , 0.5 , 0.0 , 0.1 , 42.7 , 0.1 , 0.0 , 0.0 , 0.2 , 3768 ] , [  42.9 , 0.4 , 0.0 , 0.8 , 54.6 , 0.1 , 1.2 , 0.0 , 0.0 , 6261 ] , [  84.5 , 0.8 , 0.4 , 3.2 , 10.7 , 0.1 , 0.2 , 0.0 , 0.1 , 46059 ] , [  90.4 , 0.5 , 0.0 , 2.8 , 6.3 , 0.0 , 0.0 , 0.0 , 0.0 , 3663 ] , [  89.5 , 1.0 , 0.1 , 3.9 , 5.3 , 0.2 , 0.0 , 0.0 , 0.0 , 5505 ] , [  91.0 , 2.4 , 1.8 , 3.5 , 0.2 , 0.0 , 0.3 , 0.0 , 0.7 , 4420 ] , [  96.3 , 0.6 , 1.3 , 1.2 , 0.4 , 0.0 , 0.0 , 0.0 , 0.1 , 6324 ] , [  90.2 , 0.3 , 0.2 , 0.3 , 8.6 , 0.3 , 0.0 , 0.1 , 0.0 , 8169 ] , [  71.4 , 0.4 , 0.0 , 6.5 , 21.5 , 0.0 , 0.0 , 0.0 , 0.1 , 6073 ] , [  72.4 , 0.4 , 0.1 , 5.1 , 21.8 , 0.0 , 0.0 , 0.1 , 0.0 , 6591 ] , [  77.3 , 0.9 , 0.0 , 3.2 , 17.2 , 0.0 , 1.2 , 0.1 , 0.0 , 5314 ] , [  88.2 , 0.4 , 0.1 , 2.5 , 8.3 , 0.0 , 0.4 , 0.0 , 0.1 , 19017 ] , [  84.4 , 0.4 , 0.0 , 3.8 , 11.4 , 0.0 , 0.0 , 0.0 , 0.0 , 7187 ] , [  87.6 , 0.3 , 0.0 , 2.8 , 8.3 , 0.0 , 0.9 , 0.0 , 0.1 , 7294 ] , [  95.1 , 0.7 , 0.4 , 0.3 , 3.4 , 0.0 , 0.0 , 0.0 , 0.1 , 4536 ] , [  85.8 , 0.5 , 0.2 , 3.6 , 9.6 , 0.0 , 0.1 , 0.0 , 0.2 , 24124 ] , [  87.9 , 0.4 , 0.0 , 0.1 , 11.5 , 0.0 , 0.0 , 0.0 , 0.1 , 5751 ] , [  81.7 , 0.4 , 0.0 , 2.6 , 15.0 , 0.0 , 0.2 , 0.0 , 0.0 , 5418 ] , [  88.6 , 0.9 , 0.6 , 6.5 , 2.9 , 0.0 , 0.0 , 0.1 , 0.4 , 7216 ] , [  83.9 , 0.3 , 0.0 , 4.5 , 11.1 , 0.1 , 0.0 , 0.0 , 0.1 , 5739 ] , [  87.8 , 0.5 , 0.1 , 3.3 , 7.5 , 0.1 , 0.7 , 0.0 , 0.1 , 24454 ] , [  90.0 , 0.6 , 0.2 , 1.7 , 7.1 , 0.2 , 0.1 , 0.1 , 0.1 , 6460 ] , [  90.0 , 0.4 , 0.1 , 3.8 , 5.0 , 0.0 , 0.5 , 0.0 , 0.2 , 7257 ] , [  81.6 , 0.3 , 0.1 , 0.1 , 14.6 , 0.1 , 3.1 , 0.0 , 0.0 , 4306 ] , [  87.0 , 0.6 , 0.0 , 6.4 , 6.0 , 0.0 , 0.0 , 0.0 , 0.0 , 6431 ] , [  89.4 , 0.6 , 0.1 , 1.3 , 8.6 , 0.0 , 0.0 , 0.0 , 0.0 , 34028 ] , [  86.7 , 0.7 , 0.0 , 0.1 , 12.3 , 0.1 , 0.0 , 0.0 , 0.0 , 5606 ] , [  88.8 , 0.5 , 0.2 , 1.0 , 9.5 , 0.0 , 0.0 , 0.0 , 0.1 , 6799 ] , [  94.9 , 0.6 , 0.0 , 1.4 , 3.0 , 0.0 , 0.0 , 0.1 , 0.0 , 6273 ] , [  91.4 , 0.6 , 0.1 , 1.3 , 6.5 , 0.0 , 0.1 , 0.0 , 0.1 , 3763 ] , [  89.8 , 0.5 , 0.1 , 0.2 , 9.3 , 0.1 , 0.0 , 0.0 , 0.0 , 6170 ] , [  84.6 , 0.8 , 0.1 , 3.8 , 10.6 , 0.0 , 0.0 , 0.1 , 0.0 , 5417 ]
])
] ,
'Busia' : [
[
'Kenya' , 'Rural' , 'Urban' , 'BusiaCounty' , 'TesoNorthConstituency' , 'MalabaCentral' , 'MalabaNorth' , 'AngUraiSouth' , 'AngUraiNorth' , 'AngUraiEast' , 'MalabaSouth' , 'TesoSouthConstituency' , 'Angorom' , 'ChakolSouth' , 'ChakolNorth' , 'AmukuraWest' , 'AmukuraEast' , 'AmukuraCentral' , 'NambaleConstituency' , 'Nambale' , 'BukhayoNorthWalatsi' , 'BukhayoEast' , 'BukhayoCentral' , 'MatayosConstituency' , 'BukhayoWest' , 'Mayenje' , 'MatayosSouth' , 'Busibwabo' , 'Burumba' , 'ButulaConstituency' , 'MarachiWest' , 'Kingandole' , 'MarachiCentral' , 'MarachiEast' , 'MarachiNorth' , 'Elugulu' , 'FunyulaConstituency' , 'NambobotoNambuku' , 'Nangina' , 'AgengaNanguba' , 'Bwiri' , 'BudalangiConstituency' , 'BunyalaCentral' , 'BunyalaNorth' , 'BunyalaWest' , 'BunyalaSouth' , ] ,
numpy.array([
[  73.5 , 2.2 , 3.6 , 2.2 , 13.3 , 3.2 , 0.3 , 0.8 , 1.0 , 8493380 ] , [  70.3 , 0.7 , 0.2 , 1.8 , 20.2 , 4.2 , 0.2 , 1.2 , 1.1 , 5239879 ] , [  78.5 , 4.6 , 9.1 , 2.9 , 2.1 , 1.5 , 0.3 , 0.1 , 0.9 , 3253501 ] , [  49.6 , 0.5 , 0.1 , 1.7 , 47.8 , 0.1 , 0.1 , 0.0 , 0.1 , 147910 ] , [  39.6 , 0.4 , 0.3 , 0.9 , 58.6 , 0.1 , 0.0 , 0.0 , 0.0 , 22917 ] , [  71.4 , 0.4 , 1.0 , 0.7 , 26.2 , 0.2 , 0.0 , 0.1 , 0.1 , 6070 ] , [  20.3 , 0.5 , 0.0 , 0.0 , 78.9 , 0.1 , 0.0 , 0.0 , 0.1 , 2556 ] , [  28.1 , 0.6 , 0.1 , 0.7 , 70.4 , 0.0 , 0.0 , 0.1 , 0.0 , 3769 ] , [  32.8 , 0.4 , 0.0 , 0.2 , 66.6 , 0.0 , 0.0 , 0.0 , 0.0 , 4085 ] , [  37.7 , 0.4 , 0.0 , 4.6 , 57.3 , 0.1 , 0.0 , 0.0 , 0.0 , 2766 ] , [  21.2 , 0.3 , 0.1 , 0.4 , 78.0 , 0.1 , 0.0 , 0.0 , 0.0 , 3671 ] , [  34.9 , 0.5 , 0.0 , 1.0 , 63.3 , 0.1 , 0.0 , 0.0 , 0.2 , 24451 ] , [  82.2 , 1.0 , 0.1 , 2.8 , 12.9 , 0.0 , 0.0 , 0.0 , 0.9 , 4160 ] , [  28.9 , 0.4 , 0.1 , 1.0 , 69.5 , 0.1 , 0.0 , 0.0 , 0.0 , 5875 ] , [  24.3 , 0.2 , 0.0 , 0.3 , 75.1 , 0.1 , 0.0 , 0.0 , 0.0 , 3455 ] , [  17.2 , 0.4 , 0.0 , 0.4 , 81.8 , 0.1 , 0.0 , 0.0 , 0.0 , 2781 ] , [  25.5 , 0.4 , 0.0 , 0.2 , 73.7 , 0.0 , 0.0 , 0.0 , 0.0 , 4209 ] , [  25.7 , 0.2 , 0.0 , 1.1 , 72.8 , 0.1 , 0.0 , 0.0 , 0.0 , 3971 ] , [  48.7 , 0.6 , 0.0 , 3.8 , 46.5 , 0.2 , 0.1 , 0.0 , 0.0 , 18672 ] , [  61.8 , 0.5 , 0.0 , 4.1 , 33.0 , 0.5 , 0.0 , 0.0 , 0.0 , 6584 ] , [  30.0 , 0.7 , 0.0 , 3.1 , 65.5 , 0.1 , 0.6 , 0.0 , 0.0 , 4121 ] , [  44.8 , 0.8 , 0.0 , 7.0 , 47.3 , 0.0 , 0.0 , 0.0 , 0.0 , 4262 ] , [  50.7 , 0.3 , 0.0 , 0.2 , 48.7 , 0.1 , 0.0 , 0.0 , 0.0 , 3705 ] , [  64.3 , 0.5 , 0.1 , 1.3 , 33.5 , 0.2 , 0.0 , 0.0 , 0.1 , 23278 ] , [  52.4 , 0.5 , 0.0 , 1.0 , 45.8 , 0.2 , 0.0 , 0.1 , 0.0 , 6562 ] , [  60.5 , 1.2 , 0.0 , 0.3 , 36.8 , 1.2 , 0.1 , 0.0 , 0.0 , 1830 ] , [  52.0 , 0.4 , 0.0 , 2.2 , 45.1 , 0.1 , 0.0 , 0.1 , 0.0 , 6242 ] , [  46.7 , 0.4 , 0.0 , 0.4 , 52.2 , 0.1 , 0.0 , 0.0 , 0.0 , 2240 ] , [  95.7 , 0.4 , 0.4 , 1.2 , 2.1 , 0.1 , 0.0 , 0.0 , 0.2 , 6404 ] , [  51.2 , 0.4 , 0.0 , 1.6 , 46.5 , 0.0 , 0.2 , 0.0 , 0.0 , 25148 ] , [  65.5 , 0.3 , 0.0 , 0.1 , 33.9 , 0.0 , 0.0 , 0.0 , 0.0 , 4316 ] , [  57.1 , 0.3 , 0.0 , 0.1 , 41.4 , 0.0 , 1.1 , 0.0 , 0.0 , 3703 ] , [  53.1 , 0.5 , 0.0 , 3.5 , 42.8 , 0.1 , 0.0 , 0.0 , 0.0 , 4130 ] , [  46.9 , 0.4 , 0.1 , 0.8 , 51.9 , 0.0 , 0.0 , 0.0 , 0.0 , 4251 ] , [  45.8 , 0.3 , 0.0 , 1.1 , 52.6 , 0.1 , 0.0 , 0.0 , 0.0 , 4947 ] , [  38.9 , 0.6 , 0.0 , 4.3 , 56.1 , 0.1 , 0.0 , 0.1 , 0.0 , 3801 ] , [  51.6 , 0.7 , 0.1 , 2.1 , 45.1 , 0.2 , 0.0 , 0.0 , 0.1 , 18411 ] , [  53.0 , 0.4 , 0.1 , 4.2 , 42.2 , 0.1 , 0.0 , 0.1 , 0.1 , 5701 ] , [  60.2 , 1.1 , 0.1 , 0.9 , 37.4 , 0.1 , 0.0 , 0.0 , 0.1 , 3879 ] , [  47.4 , 1.0 , 0.0 , 0.7 , 50.0 , 0.5 , 0.0 , 0.1 , 0.2 , 5151 ] , [  46.4 , 0.4 , 0.0 , 2.0 , 50.9 , 0.1 , 0.0 , 0.0 , 0.2 , 3680 ] , [  61.7 , 0.5 , 0.0 , 1.6 , 35.2 , 0.2 , 0.1 , 0.0 , 0.8 , 15033 ] , [  49.9 , 0.3 , 0.0 , 2.4 , 46.8 , 0.3 , 0.1 , 0.0 , 0.2 , 2453 ] , [  61.0 , 0.6 , 0.1 , 0.8 , 36.0 , 0.1 , 0.1 , 0.0 , 1.3 , 4530 ] , [  79.7 , 0.5 , 0.1 , 1.8 , 17.6 , 0.1 , 0.1 , 0.0 , 0.1 , 4845 ] , [  44.4 , 0.3 , 0.0 , 1.9 , 51.6 , 0.2 , 0.0 , 0.0 , 1.5 , 3205 ]
])
] ,
'ElgeyoMarakwet' : [
[
'Kenya' , 'Rural' , 'Urban' , 'ElgeyoMarakwetCounty' , 'MarakwetEastConstituency' , 'Kapyego' , 'Sambirir' , 'Endo' , 'EmbobutEmbulot' , 'MarakwetWestConstituency' , 'Lelan' , 'Sengwer' , 'CheraganyChebororwa' , 'MoibenKuserwo' , 'Kapsowar' , 'Arror' , 'KeiyoNorthConstituency' , 'Kimariny' , 'Emsoo' , 'Tambach' , 'Kapchemutwa' , 'KeiyoSouthConstituency' , 'Kaptarakwa' , 'Chepkorio' , 'SoyNorth' , 'SoySouth' , 'Kabiemit' , 'Metkei' , ] ,
numpy.array([
[  73.5 , 2.2 , 3.6 , 2.2 , 13.3 , 3.2 , 0.3 , 0.8 , 1.0 , 8493380 ] , [  70.3 , 0.7 , 0.2 , 1.8 , 20.2 , 4.2 , 0.2 , 1.2 , 1.1 , 5239879 ] , [  78.5 , 4.6 , 9.1 , 2.9 , 2.1 , 1.5 , 0.3 , 0.1 , 0.9 , 3253501 ] , [  57.9 , 0.9 , 0.1 , 1.1 , 39.1 , 0.2 , 0.1 , 0.1 , 0.5 , 75749 ] , [  26.1 , 0.4 , 0.0 , 0.6 , 71.4 , 0.1 , 0.1 , 0.1 , 1.1 , 17648 ] , [  24.5 , 0.3 , 0.0 , 0.2 , 71.8 , 0.2 , 0.1 , 0.1 , 2.9 , 3694 ] , [  39.2 , 0.5 , 0.0 , 0.7 , 59.4 , 0.1 , 0.0 , 0.0 , 0.0 , 4890 ] , [  25.0 , 0.4 , 0.1 , 0.8 , 73.2 , 0.0 , 0.3 , 0.1 , 0.0 , 5823 ] , [  10.3 , 0.4 , 0.1 , 0.3 , 85.6 , 0.2 , 0.1 , 0.2 , 2.8 , 3241 ] , [  62.5 , 1.0 , 0.1 , 1.0 , 33.8 , 0.4 , 0.3 , 0.2 , 0.8 , 20968 ] , [  55.6 , 1.1 , 0.1 , 0.1 , 40.7 , 0.2 , 0.0 , 0.1 , 2.0 , 3749 ] , [  75.4 , 0.2 , 0.1 , 0.3 , 20.7 , 0.1 , 0.9 , 0.7 , 1.6 , 3687 ] , [  61.9 , 3.1 , 0.0 , 2.7 , 31.1 , 0.6 , 0.3 , 0.0 , 0.2 , 3222 ] , [  63.3 , 0.9 , 0.0 , 1.4 , 32.3 , 1.2 , 0.0 , 0.0 , 0.8 , 3662 ] , [  65.7 , 0.4 , 0.1 , 0.9 , 32.4 , 0.0 , 0.4 , 0.1 , 0.0 , 5070 ] , [  37.6 , 0.5 , 0.1 , 0.1 , 61.5 , 0.1 , 0.0 , 0.0 , 0.1 , 1578 ] , [  66.2 , 1.3 , 0.2 , 1.3 , 30.7 , 0.2 , 0.0 , 0.0 , 0.0 , 15226 ] , [  72.2 , 0.6 , 0.1 , 0.1 , 26.9 , 0.1 , 0.0 , 0.0 , 0.0 , 4850 ] , [  35.3 , 0.4 , 0.0 , 2.1 , 60.9 , 1.2 , 0.0 , 0.1 , 0.0 , 2121 ] , [  64.1 , 1.4 , 0.4 , 1.5 , 32.4 , 0.0 , 0.1 , 0.0 , 0.0 , 3391 ] , [  75.0 , 2.4 , 0.3 , 2.0 , 20.0 , 0.1 , 0.1 , 0.0 , 0.0 , 4864 ] , [  73.2 , 0.9 , 0.0 , 1.6 , 23.9 , 0.1 , 0.1 , 0.0 , 0.2 , 21907 ] , [  84.1 , 1.1 , 0.0 , 3.0 , 10.7 , 0.4 , 0.1 , 0.0 , 0.5 , 3666 ] , [  82.5 , 1.0 , 0.0 , 0.6 , 15.6 , 0.1 , 0.0 , 0.0 , 0.2 , 4506 ] , [  68.9 , 0.6 , 0.0 , 2.0 , 28.4 , 0.0 , 0.0 , 0.0 , 0.0 , 3209 ] , [  64.6 , 1.0 , 0.0 , 1.5 , 32.8 , 0.0 , 0.0 , 0.0 , 0.0 , 4398 ] , [  67.5 , 1.0 , 0.0 , 1.5 , 29.6 , 0.1 , 0.1 , 0.0 , 0.2 , 3689 ] , [  69.4 , 0.5 , 0.4 , 1.0 , 28.4 , 0.2 , 0.1 , 0.0 , 0.0 , 2439 ]
])
] ,
'Embu' : [
[
'Kenya' , 'Rural' , 'Urban' , 'EmbuCounty' , 'ManyattaConstituency' , 'RuguruNgandori' , 'Kithimu' , 'Nginda' , 'MbetiNorth' , 'Kirimani' , 'GaturiSouth' , 'RunyenjesConstituency' , 'GaturiNorth' , 'KagaariSouth' , 'Central' , 'KagaariNorth' , 'KyeniNorthWest' , 'KyeniSouth' , 'MbeereSouthConstituency' , 'Mwea' , 'Makima' , 'MbetiSouth' , 'Mavuria' , 'Kiambere' , 'MbeereNorthConstituency' , 'Nthawa' , 'Muminji' , 'Evurore' , ] ,
numpy.array([
[  73.5 , 2.2 , 3.6 , 2.2 , 13.3 , 3.2 , 0.3 , 0.8 , 1.0 , 8493380 ] , [  70.3 , 0.7 , 0.2 , 1.8 , 20.2 , 4.2 , 0.2 , 1.2 , 1.1 , 5239879 ] , [  78.5 , 4.6 , 9.1 , 2.9 , 2.1 , 1.5 , 0.3 , 0.1 , 0.9 , 3253501 ] , [  92.2 , 1.0 , 0.5 , 2.3 , 3.3 , 0.1 , 0.1 , 0.0 , 0.4 , 128079 ] , [  94.3 , 1.6 , 1.2 , 2.0 , 0.1 , 0.1 , 0.0 , 0.0 , 0.5 , 40830 ] , [  96.2 , 0.8 , 0.0 , 2.8 , 0.1 , 0.0 , 0.0 , 0.0 , 0.0 , 7302 ] , [  92.5 , 0.9 , 0.1 , 2.1 , 0.7 , 0.1 , 0.0 , 0.0 , 3.6 , 4746 ] , [  96.5 , 0.9 , 0.1 , 2.3 , 0.1 , 0.0 , 0.0 , 0.1 , 0.1 , 7120 ] , [  93.5 , 3.2 , 1.1 , 1.8 , 0.1 , 0.1 , 0.0 , 0.0 , 0.1 , 8475 ] , [  92.8 , 2.0 , 3.9 , 1.1 , 0.0 , 0.0 , 0.1 , 0.0 , 0.1 , 9737 ] , [  94.7 , 1.0 , 0.0 , 3.4 , 0.1 , 0.1 , 0.0 , 0.1 , 0.6 , 3450 ] , [  95.5 , 0.7 , 0.1 , 2.1 , 0.5 , 0.1 , 0.3 , 0.1 , 0.8 , 36510 ] , [  95.5 , 0.4 , 0.0 , 0.3 , 0.0 , 0.0 , 1.4 , 0.0 , 2.4 , 6302 ] , [  90.5 , 0.4 , 0.0 , 7.2 , 1.6 , 0.2 , 0.1 , 0.0 , 0.1 , 5139 ] , [  98.0 , 0.7 , 0.2 , 0.5 , 0.1 , 0.0 , 0.0 , 0.3 , 0.1 , 6195 ] , [  96.0 , 0.5 , 0.0 , 2.2 , 0.1 , 0.0 , 0.0 , 0.1 , 1.1 , 6479 ] , [  98.1 , 1.1 , 0.0 , 0.3 , 0.2 , 0.1 , 0.0 , 0.0 , 0.1 , 5447 ] , [  94.6 , 0.9 , 0.1 , 2.6 , 0.9 , 0.1 , 0.1 , 0.0 , 0.7 , 6948 ] , [  87.0 , 0.8 , 0.2 , 3.2 , 8.3 , 0.3 , 0.1 , 0.0 , 0.1 , 29929 ] , [  90.4 , 1.3 , 0.5 , 1.6 , 6.0 , 0.1 , 0.0 , 0.0 , 0.0 , 7303 ] , [  71.1 , 0.6 , 0.1 , 1.3 , 26.3 , 0.5 , 0.1 , 0.0 , 0.0 , 4876 ] , [  90.4 , 0.8 , 0.1 , 6.2 , 2.2 , 0.2 , 0.0 , 0.0 , 0.1 , 7246 ] , [  91.5 , 0.5 , 0.2 , 3.6 , 3.6 , 0.4 , 0.1 , 0.0 , 0.1 , 7469 ] , [  85.0 , 1.0 , 0.2 , 1.6 , 11.4 , 0.3 , 0.1 , 0.0 , 0.4 , 3035 ] , [  89.9 , 0.6 , 0.1 , 1.7 , 7.5 , 0.1 , 0.0 , 0.0 , 0.0 , 20810 ] , [  95.9 , 1.0 , 0.2 , 0.4 , 2.2 , 0.3 , 0.0 , 0.0 , 0.0 , 6730 ] , [  89.0 , 0.3 , 0.0 , 0.5 , 10.0 , 0.1 , 0.0 , 0.0 , 0.0 , 3869 ] , [  86.3 , 0.4 , 0.0 , 3.1 , 10.0 , 0.1 , 0.0 , 0.0 , 0.1 , 10211 ]
])
] ,
'Garissa' : [
[
'Kenya' , 'Rural' , 'Urban' , 'GarissaCounty' , 'GarissaTownshipConstituency' , 'Waberi' , 'Galbet' , 'Township' , 'Iftin' , 'BalambalaConstituency' , 'Balambala' , 'Danyere' , 'Jarajara' , 'Saka' , 'Sankuri' , 'LagderaConstituency' , 'Modogashe' , 'Benane' , 'Goreale' , 'Maalamin' , 'Sabena' , 'Baraki' , 'DadaabConstituency' , 'Dertu' , 'Dadaab' , 'Labisigale' , 'Damajale' , 'Liboi' , 'Abakaile' , 'FafiConstituency' , 'Bura' , 'Dekaharia' , 'Jarajila' , 'Fafi' , 'Nanighi' , 'IjaraConstituency' , 'Hulugho' , 'Sangailu' , 'Ijara' , 'Masalani' , ] ,
numpy.array([
[  73.5 , 2.2 , 3.6 , 2.2 , 13.3 , 3.2 , 0.3 , 0.8 , 1.0 , 8493380 ] , [  70.3 , 0.7 , 0.2 , 1.8 , 20.2 , 4.2 , 0.2 , 1.2 , 1.1 , 5239879 ] , [  78.5 , 4.6 , 9.1 , 2.9 , 2.1 , 1.5 , 0.3 , 0.1 , 0.9 , 3253501 ] , [  29.8 , 0.8 , 0.1 , 1.5 , 61.3 , 5.3 , 0.2 , 0.4 , 0.7 , 69369 ] , [  75.4 , 1.6 , 0.4 , 3.5 , 11.2 , 5.3 , 0.2 , 0.8 , 1.8 , 19858 ] , [  72.8 , 1.1 , 0.1 , 4.7 , 9.3 , 10.0 , 0.4 , 1.0 , 0.6 , 3119 ] , [  77.5 , 1.8 , 0.3 , 3.0 , 9.3 , 6.7 , 0.0 , 0.6 , 0.7 , 7407 ] , [  88.0 , 0.7 , 0.8 , 2.3 , 0.6 , 0.6 , 0.1 , 0.3 , 6.5 , 4087 ] , [  64.0 , 2.3 , 0.3 , 4.2 , 23.3 , 4.1 , 0.4 , 1.2 , 0.2 , 5245 ] , [  3.2 , 0.6 , 0.1 , 0.3 , 80.1 , 15.3 , 0.1 , 0.1 , 0.1 , 10666 ] , [  5.4 , 1.8 , 0.1 , 0.7 , 87.1 , 4.2 , 0.2 , 0.2 , 0.3 , 2623 ] , [  0.8 , 0.3 , 0.0 , 0.1 , 84.5 , 14.1 , 0.0 , 0.0 , 0.1 , 3034 ] , [  1.7 , 0.1 , 0.1 , 0.3 , 87.3 , 10.0 , 0.1 , 0.5 , 0.0 , 1134 ] , [  3.6 , 0.3 , 0.1 , 0.3 , 71.4 , 24.1 , 0.1 , 0.0 , 0.0 , 1649 ] , [  4.3 , 0.2 , 0.2 , 0.2 , 68.8 , 26.3 , 0.0 , 0.0 , 0.0 , 2226 ] , [  7.9 , 0.2 , 0.0 , 0.2 , 86.4 , 4.9 , 0.1 , 0.2 , 0.0 , 11674 ] , [  16.8 , 0.3 , 0.0 , 0.4 , 73.1 , 9.2 , 0.1 , 0.1 , 0.0 , 3926 ] , [  4.7 , 0.2 , 0.0 , 0.0 , 84.8 , 10.2 , 0.1 , 0.0 , 0.0 , 1824 ] , [  10.4 , 0.0 , 0.0 , 0.1 , 88.7 , 0.3 , 0.3 , 0.0 , 0.2 , 1210 ] , [  1.5 , 0.3 , 0.0 , 0.1 , 96.5 , 0.1 , 0.3 , 1.1 , 0.1 , 1432 ] , [  0.8 , 0.2 , 0.0 , 0.2 , 97.7 , 1.0 , 0.0 , 0.0 , 0.0 , 2080 ] , [  0.7 , 0.1 , 0.0 , 0.2 , 98.8 , 0.1 , 0.0 , 0.0 , 0.0 , 1202 ] , [  13.9 , 0.6 , 0.1 , 1.2 , 79.8 , 3.0 , 0.4 , 0.7 , 0.4 , 9244 ] , [  5.6 , 0.2 , 0.0 , 0.3 , 84.9 , 8.6 , 0.3 , 0.0 , 0.0 , 2065 ] , [  47.9 , 1.3 , 0.1 , 2.4 , 44.3 , 1.1 , 0.9 , 1.6 , 0.5 , 1199 ] , [  7.4 , 0.2 , 0.2 , 0.6 , 85.2 , 0.2 , 0.6 , 4.3 , 1.3 , 623 ] , [  1.3 , 0.0 , 0.1 , 0.8 , 97.1 , 0.1 , 0.1 , 0.4 , 0.1 , 1629 ] , [  25.4 , 1.5 , 0.2 , 2.9 , 65.4 , 3.8 , 0.3 , 0.3 , 0.2 , 1942 ] , [  2.1 , 0.1 , 0.0 , 0.2 , 95.9 , 0.3 , 0.2 , 0.1 , 1.0 , 1786 ] , [  9.4 , 0.4 , 0.0 , 0.8 , 87.2 , 1.7 , 0.1 , 0.1 , 0.3 , 6085 ] , [  30.9 , 0.1 , 0.0 , 0.3 , 66.5 , 2.2 , 0.0 , 0.0 , 0.1 , 1062 ] , [  1.6 , 0.0 , 0.0 , 0.7 , 97.6 , 0.1 , 0.0 , 0.0 , 0.0 , 1560 ] , [  7.8 , 1.5 , 0.0 , 1.6 , 87.9 , 0.4 , 0.4 , 0.4 , 0.1 , 1355 ] , [  1.7 , 0.2 , 0.0 , 0.1 , 96.9 , 0.2 , 0.0 , 0.2 , 0.7 , 921 ] , [  8.1 , 0.1 , 0.0 , 1.0 , 83.7 , 6.3 , 0.0 , 0.1 , 0.7 , 1187 ] , [  21.7 , 0.4 , 0.1 , 0.8 , 76.0 , 0.5 , 0.1 , 0.1 , 0.4 , 11842 ] , [  6.6 , 0.2 , 0.0 , 0.3 , 92.7 , 0.2 , 0.0 , 0.0 , 0.0 , 2652 ] , [  7.7 , 0.4 , 0.1 , 0.4 , 89.5 , 0.3 , 0.2 , 0.2 , 1.2 , 2406 ] , [  5.6 , 0.3 , 0.0 , 1.7 , 91.5 , 0.0 , 0.0 , 0.0 , 0.9 , 2209 ] , [  45.6 , 0.5 , 0.1 , 1.0 , 51.8 , 0.9 , 0.1 , 0.0 , 0.0 , 4575 ]
])
] ,
'HomaBay' : [
[
'Kenya' , 'Rural' , 'Urban' , 'HomaBayCounty' , 'KasipulConstituency' , 'WestKasipul' , 'SouthKasipul' , 'CentralKasipul' , 'EastKamagak' , 'WestKamagak' , 'KabondoKasipulConstituency' , 'KabondoEast' , 'KabondoWest' , 'KokwanyoKakelo' , 'Kojwach' , 'KarachuonyoConstituency' , 'WestKarachuonyo' , 'NorthKarachuonyo' , 'Central' , 'Kanyaluo' , 'Kibiri' , 'Wangchieng' , 'KenduBayTown' , 'RangweConstituency' , 'WestGem' , 'EastGem' , 'Kagan' , 'Kochia' , 'HomaBayTownConstituency' , 'HomaBayCentral' , 'HomaBayArujo' , 'HomaBayWest' , 'HomaBayEast' , 'NdhiwaConstituency' , 'Kwabwai' , 'Kanyadoto' , 'Kanyikela' , 'KabuochNorth' , 'KabuochPala' , 'KanyamwaKologi' , 'KanyamwaKosewe' , 'SubaNorthConstituency' , 'MfanganoIsland' , 'RusingaIsland' , 'Kasgunga' , 'Gembe' , 'Lambwe' , 'SubaSouthConstituency' , 'GwassiSouth' , 'GwassiNorth' , 'KaksingiriWest' , 'KaksingiriEast' , ] ,
numpy.array([
[  73.5 , 2.2 , 3.6 , 2.2 , 13.3 , 3.2 , 0.3 , 0.8 , 1.0 , 8493380 ] , [  70.3 , 0.7 , 0.2 , 1.8 , 20.2 , 4.2 , 0.2 , 1.2 , 1.1 , 5239879 ] , [  78.5 , 4.6 , 9.1 , 2.9 , 2.1 , 1.5 , 0.3 , 0.1 , 0.9 , 3253501 ] , [  82.2 , 0.5 , 0.1 , 1.6 , 15.1 , 0.1 , 0.2 , 0.0 , 0.1 , 203192 ] , [  91.7 , 0.5 , 0.2 , 1.4 , 6.0 , 0.1 , 0.0 , 0.1 , 0.0 , 24205 ] , [  89.6 , 0.5 , 0.0 , 0.1 , 9.7 , 0.0 , 0.0 , 0.0 , 0.1 , 5408 ] , [  93.3 , 0.4 , 0.4 , 3.0 , 2.8 , 0.0 , 0.0 , 0.0 , 0.0 , 5506 ] , [  90.7 , 0.6 , 0.0 , 0.1 , 8.5 , 0.1 , 0.0 , 0.1 , 0.0 , 5573 ] , [  90.9 , 0.7 , 0.0 , 0.1 , 7.8 , 0.3 , 0.1 , 0.0 , 0.0 , 2984 ] , [  93.8 , 0.4 , 0.3 , 3.4 , 1.5 , 0.1 , 0.1 , 0.4 , 0.0 , 4734 ] , [  87.6 , 0.6 , 0.0 , 1.4 , 10.3 , 0.0 , 0.0 , 0.0 , 0.1 , 22003 ] , [  88.2 , 0.7 , 0.1 , 0.2 , 10.7 , 0.0 , 0.0 , 0.0 , 0.0 , 6315 ] , [  85.8 , 0.3 , 0.0 , 0.2 , 13.4 , 0.0 , 0.0 , 0.0 , 0.1 , 6422 ] , [  85.7 , 0.8 , 0.0 , 3.7 , 9.8 , 0.0 , 0.0 , 0.0 , 0.0 , 5590 ] , [  92.4 , 0.5 , 0.0 , 2.2 , 4.7 , 0.0 , 0.0 , 0.0 , 0.2 , 3676 ] , [  89.9 , 0.6 , 0.1 , 2.3 , 6.8 , 0.1 , 0.2 , 0.0 , 0.0 , 33933 ] , [  89.0 , 0.5 , 0.1 , 2.0 , 8.1 , 0.3 , 0.0 , 0.0 , 0.0 , 4920 ] , [  91.0 , 0.3 , 0.0 , 2.1 , 6.4 , 0.1 , 0.0 , 0.0 , 0.0 , 4885 ] , [  93.6 , 0.5 , 0.1 , 0.5 , 5.2 , 0.1 , 0.0 , 0.1 , 0.0 , 4345 ] , [  85.1 , 0.3 , 0.1 , 1.0 , 12.1 , 0.0 , 1.3 , 0.0 , 0.0 , 4005 ] , [  87.0 , 0.4 , 0.0 , 2.9 , 9.2 , 0.2 , 0.1 , 0.1 , 0.0 , 4063 ] , [  91.6 , 0.8 , 0.1 , 2.1 , 5.3 , 0.1 , 0.0 , 0.0 , 0.1 , 7254 ] , [  90.4 , 1.1 , 0.0 , 5.7 , 2.7 , 0.1 , 0.0 , 0.0 , 0.0 , 4461 ] , [  87.6 , 0.4 , 0.0 , 1.5 , 9.9 , 0.3 , 0.2 , 0.0 , 0.0 , 20661 ] , [  82.2 , 0.5 , 0.1 , 2.7 , 14.4 , 0.1 , 0.0 , 0.0 , 0.0 , 4101 ] , [  90.6 , 0.2 , 0.0 , 2.8 , 6.3 , 0.0 , 0.0 , 0.0 , 0.0 , 4770 ] , [  89.1 , 0.6 , 0.0 , 0.3 , 9.8 , 0.0 , 0.1 , 0.1 , 0.0 , 5974 ] , [  87.6 , 0.4 , 0.0 , 0.8 , 9.8 , 0.8 , 0.6 , 0.0 , 0.0 , 5816 ] , [  89.2 , 1.0 , 0.1 , 0.9 , 8.0 , 0.1 , 0.3 , 0.0 , 0.5 , 21309 ] , [  90.6 , 2.1 , 0.2 , 2.3 , 4.5 , 0.1 , 0.1 , 0.0 , 0.1 , 7026 ] , [  92.4 , 0.5 , 0.0 , 0.3 , 4.1 , 0.1 , 0.9 , 0.0 , 1.6 , 5787 ] , [  78.9 , 0.2 , 0.0 , 0.1 , 20.6 , 0.0 , 0.0 , 0.0 , 0.1 , 2601 ] , [  88.9 , 0.4 , 0.1 , 0.2 , 10.3 , 0.0 , 0.0 , 0.0 , 0.1 , 5895 ] , [  64.3 , 0.5 , 0.0 , 1.7 , 33.0 , 0.2 , 0.2 , 0.0 , 0.1 , 36524 ] , [  56.5 , 0.5 , 0.1 , 2.0 , 40.7 , 0.1 , 0.0 , 0.1 , 0.1 , 6296 ] , [  63.8 , 0.5 , 0.0 , 0.2 , 35.3 , 0.1 , 0.0 , 0.0 , 0.0 , 3264 ] , [  70.8 , 0.4 , 0.1 , 0.7 , 27.7 , 0.1 , 0.0 , 0.1 , 0.1 , 1363 ] , [  75.6 , 0.5 , 0.1 , 0.3 , 22.3 , 0.3 , 0.9 , 0.1 , 0.0 , 7748 ] , [  64.1 , 0.6 , 0.0 , 4.2 , 30.7 , 0.1 , 0.0 , 0.0 , 0.3 , 5842 ] , [  61.3 , 0.5 , 0.1 , 1.6 , 36.1 , 0.2 , 0.1 , 0.1 , 0.0 , 5011 ] , [  59.9 , 0.2 , 0.0 , 1.8 , 37.9 , 0.1 , 0.1 , 0.0 , 0.0 , 7000 ] , [  87.1 , 0.5 , 0.0 , 0.9 , 10.3 , 0.2 , 0.7 , 0.0 , 0.1 , 23540 ] , [  90.0 , 0.2 , 0.0 , 1.2 , 5.4 , 0.1 , 2.8 , 0.1 , 0.2 , 5510 ] , [  97.5 , 0.5 , 0.0 , 0.3 , 1.4 , 0.0 , 0.1 , 0.1 , 0.0 , 5492 ] , [  90.9 , 0.8 , 0.1 , 0.3 , 7.8 , 0.0 , 0.1 , 0.0 , 0.0 , 4386 ] , [  74.8 , 0.6 , 0.0 , 0.1 , 23.3 , 0.9 , 0.1 , 0.0 , 0.1 , 3688 ] , [  77.1 , 0.6 , 0.0 , 2.7 , 19.2 , 0.3 , 0.0 , 0.0 , 0.1 , 4464 ] , [  66.6 , 0.4 , 0.1 , 2.0 , 30.9 , 0.1 , 0.0 , 0.0 , 0.0 , 21017 ] , [  65.6 , 0.5 , 0.0 , 0.4 , 33.3 , 0.1 , 0.0 , 0.0 , 0.0 , 6771 ] , [  58.6 , 0.3 , 0.1 , 1.5 , 39.4 , 0.0 , 0.0 , 0.0 , 0.0 , 6361 ] , [  79.1 , 0.1 , 0.1 , 4.1 , 16.5 , 0.0 , 0.1 , 0.0 , 0.0 , 5603 ] , [  60.8 , 0.7 , 0.2 , 3.0 , 35.2 , 0.0 , 0.0 , 0.0 , 0.0 , 2282 ]
])
] ,
'Isiolo' : [
[
'Kenya' , 'Rural' , 'Urban' , 'IsioloCounty' , 'IsioloNorthConstituency' , 'Wabera' , 'BulaPesa' , 'Chari' , 'Cherab' , 'NgareMara' , 'Burat' , 'Oldonyiro' , 'IsioloSouthConstituency' , 'Garbatulla' , 'Kinna' , 'Sericho' , ] ,
numpy.array([
[  73.5 , 2.2 , 3.6 , 2.2 , 13.3 , 3.2 , 0.3 , 0.8 , 1.0 , 8493380 ] , [  70.3 , 0.7 , 0.2 , 1.8 , 20.2 , 4.2 , 0.2 , 1.2 , 1.1 , 5239879 ] , [  78.5 , 4.6 , 9.1 , 2.9 , 2.1 , 1.5 , 0.3 , 0.1 , 0.9 , 3253501 ] , [  60.6 , 0.7 , 0.3 , 1.5 , 20.8 , 5.9 , 1.8 , 3.4 , 5.1 , 30877 ] , [  66.3 , 0.6 , 0.4 , 2.0 , 12.4 , 4.3 , 2.5 , 4.7 , 6.8 , 22149 ] , [  92.4 , 2.5 , 1.6 , 2.6 , 0.7 , 0.0 , 0.1 , 0.0 , 0.1 , 3647 ] , [  96.4 , 0.2 , 0.6 , 2.5 , 0.1 , 0.1 , 0.0 , 0.0 , 0.0 , 6145 ] , [  60.5 , 0.2 , 0.0 , 0.1 , 22.1 , 14.9 , 0.0 , 0.0 , 2.1 , 1024 ] , [  55.3 , 0.2 , 0.0 , 0.3 , 25.4 , 12.3 , 0.0 , 0.0 , 6.4 , 3256 ] , [  28.0 , 0.4 , 0.1 , 8.6 , 41.0 , 1.5 , 0.2 , 8.6 , 11.6 , 1133 ] , [  62.3 , 0.5 , 0.0 , 1.8 , 25.0 , 1.5 , 1.3 , 3.4 , 4.2 , 3822 ] , [  8.6 , 0.0 , 0.1 , 0.6 , 7.5 , 10.3 , 15.7 , 25.9 , 31.3 , 3122 ] , [  46.2 , 0.8 , 0.0 , 0.1 , 42.0 , 9.8 , 0.1 , 0.1 , 1.0 , 8728 ] , [  33.9 , 1.4 , 0.0 , 0.0 , 51.4 , 11.9 , 0.1 , 0.1 , 1.2 , 3473 ] , [  48.0 , 0.1 , 0.0 , 0.1 , 43.9 , 7.4 , 0.1 , 0.1 , 0.3 , 2908 ] , [  61.9 , 0.8 , 0.0 , 0.3 , 25.9 , 9.6 , 0.0 , 0.0 , 1.4 , 2347 ]
])
] ,
'Kajiado' : [
[
'Kenya' , 'Rural' , 'Urban' , 'KajiadoCounty' , 'KajiadoNorthConstituency' , 'Olkeri' , 'OngatRongai' , 'Nkaimurunya' , 'Oloolua' , 'Ngong' , 'KajiadoCentralConstituency' , 'Purko' , 'Ildamat' , 'Dalalekutuk' , 'MatapatoNorth' , 'MatapatoSouth' , 'KajiadoEastConstituency' , 'KaputieiNorth' , 'Kitengela' , 'OloosirkonSholinke' , 'KenyewaPoka' , 'Imaroro' , 'KajiadoWestConstituency' , 'Keekonyokie' , 'Oloodokilan' , 'Magadi' , 'EwuasoKedong' , 'Mosiro' , 'KajiadoSouthConstituency' , 'EntonetLengism' , 'ImbirikaniEsselengei' , 'Kuku' , 'Rombo' , 'Kimana' , ] ,
numpy.array([
[  73.5 , 2.2 , 3.6 , 2.2 , 13.3 , 3.2 , 0.3 , 0.8 , 1.0 , 8493380 ] , [  70.3 , 0.7 , 0.2 , 1.8 , 20.2 , 4.2 , 0.2 , 1.2 , 1.1 , 5239879 ] , [  78.5 , 4.6 , 9.1 , 2.9 , 2.1 , 1.5 , 0.3 , 0.1 , 0.9 , 3253501 ] , [  67.0 , 3.9 , 3.4 , 3.2 , 10.6 , 0.4 , 0.4 , 10.2 , 0.9 , 170129 ] , [  82.5 , 7.7 , 5.8 , 3.0 , 0.0 , 0.1 , 0.2 , 0.1 , 0.6 , 56678 ] , [  85.1 , 9.2 , 3.5 , 1.8 , 0.0 , 0.1 , 0.1 , 0.1 , 0.0 , 11049 ] , [  75.0 , 11.4 , 8.7 , 3.0 , 0.0 , 0.0 , 0.0 , 0.0 , 1.7 , 12945 ] , [  87.1 , 2.9 , 5.0 , 4.1 , 0.0 , 0.1 , 0.5 , 0.1 , 0.1 , 17417 ] , [  82.7 , 9.5 , 4.3 , 2.5 , 0.0 , 0.1 , 0.1 , 0.1 , 0.7 , 9561 ] , [  80.3 , 8.1 , 8.5 , 2.6 , 0.1 , 0.1 , 0.2 , 0.0 , 0.3 , 5706 ] , [  48.9 , 0.7 , 0.1 , 2.5 , 11.5 , 0.2 , 0.1 , 34.8 , 1.1 , 22398 ] , [  29.4 , 0.8 , 0.1 , 1.7 , 17.3 , 0.6 , 0.1 , 49.5 , 0.6 , 1007 ] , [  66.5 , 1.7 , 0.3 , 5.2 , 5.0 , 0.5 , 0.6 , 20.3 , 0.1 , 1990 ] , [  67.8 , 0.4 , 0.1 , 2.4 , 2.8 , 0.1 , 0.1 , 25.9 , 0.5 , 6296 ] , [  29.2 , 0.3 , 0.1 , 2.5 , 16.5 , 0.2 , 0.1 , 49.1 , 2.0 , 6436 ] , [  47.9 , 1.0 , 0.2 , 1.9 , 15.9 , 0.3 , 0.1 , 31.6 , 1.2 , 6669 ] , [  77.9 , 3.0 , 5.7 , 4.6 , 1.7 , 0.2 , 0.3 , 6.3 , 0.3 , 36689 ] , [  86.0 , 3.4 , 1.4 , 4.4 , 0.2 , 0.1 , 0.1 , 4.2 , 0.2 , 7916 ] , [  81.2 , 4.8 , 9.0 , 3.7 , 0.0 , 0.1 , 0.9 , 0.3 , 0.0 , 10220 ] , [  78.8 , 2.6 , 10.2 , 7.8 , 0.0 , 0.3 , 0.0 , 0.1 , 0.1 , 10069 ] , [  65.0 , 1.4 , 0.3 , 1.3 , 7.1 , 0.3 , 0.6 , 23.6 , 0.5 , 5170 ] , [  66.0 , 0.9 , 0.0 , 3.4 , 6.7 , 0.2 , 0.0 , 21.2 , 1.4 , 3314 ] , [  48.1 , 3.5 , 1.3 , 2.2 , 18.7 , 0.9 , 0.2 , 23.0 , 2.2 , 25232 ] , [  74.3 , 3.6 , 2.9 , 3.7 , 4.1 , 0.2 , 0.0 , 10.9 , 0.2 , 9328 ] , [  18.4 , 1.2 , 0.0 , 0.4 , 19.4 , 0.7 , 0.8 , 53.0 , 6.0 , 3090 ] , [  28.1 , 4.4 , 0.2 , 1.7 , 41.0 , 1.0 , 0.1 , 18.5 , 5.0 , 5533 ] , [  50.7 , 3.1 , 0.7 , 1.6 , 17.1 , 2.0 , 0.0 , 24.3 , 0.5 , 5986 ] , [  3.6 , 7.1 , 0.0 , 0.1 , 33.9 , 0.3 , 0.2 , 51.5 , 3.4 , 1295 ] , [  53.3 , 0.6 , 0.1 , 3.0 , 34.5 , 1.0 , 1.1 , 5.1 , 1.1 , 29132 ] , [  30.3 , 0.2 , 0.0 , 3.3 , 47.0 , 0.3 , 0.4 , 17.2 , 1.2 , 4606 ] , [  28.4 , 0.4 , 0.0 , 0.2 , 57.0 , 1.9 , 0.1 , 10.9 , 1.1 , 3876 ] , [  59.5 , 0.7 , 0.4 , 1.5 , 33.6 , 1.7 , 0.1 , 1.3 , 1.1 , 8296 ] , [  71.2 , 1.0 , 0.0 , 3.1 , 20.3 , 0.8 , 1.6 , 0.9 , 1.2 , 8055 ] , [  54.9 , 0.3 , 0.0 , 7.9 , 29.4 , 0.2 , 3.8 , 2.3 , 1.1 , 4299 ]
])
] ,
'Kakamega' : [
[
'Kenya' , 'Rural' , 'Urban' , 'KakamegaCounty' , 'LugariConstituency' , 'Mautuma' , 'Lugari' , 'Lumakanda' , 'Chekalini' , 'Chevaywa' , 'Luandeti' , 'LikuyaniConstituency' , 'Likuyani' , 'Sango' , 'Kongoni' , 'Nzoia' , 'Sinoko' , 'MalavaConstituency' , 'WestKabras' , 'Chemuche' , 'EastKabras' , 'ButaliChegulo' , 'MandaShivanga' , 'ShiruguMugai' , 'SouthKabras' , 'LurambiConstituency' , 'ButsotsoEast' , 'SouthButsotso' , 'CentralButsotso' , 'Shieywe' , 'Mahiakalo' , 'Shirere' , 'NavakholoConstituency' , 'IngotseMatiha' , 'ShinoyiShikomariEsumeiya' , 'BunyalaWest' , 'BunyalaEast' , 'BunyalaCentral' , 'MumiasWestConstituency' , 'MumiasCentral' , 'MumiasNorth' , 'Etenje' , 'Musanda' , 'MumiasEastConstituency' , 'LusheyaLubinu' , 'MalahaIsongoMakunga' , 'EastWanga' , 'MatunguConstituency' , 'Koyonzo' , 'Kholera' , 'Khalaba' , 'Mayoni' , 'Namamali' , 'ButereConstituency' , 'MaramaWest' , 'MaramaCentral' , 'MarenyoShianda' , 'MaramaNorth' , 'MaramaSouth' , 'KhwiseroConstituency' , 'KisaNorth' , 'KisaEast' , 'KisaWest' , 'KisaCentral' , 'ShinyaluConstituency' , 'IsukhaNorth' , 'Murhanda' , 'IsukhaCentral' , 'IsukhaSouth' , 'IsukhaEast' , 'IsukhaWest' , 'IkolomaniConstituency' , 'IdakhoSouth' , 'IdakhoEast' , 'IdakhoNorth' , 'IdakhoCentral' , ] ,
numpy.array([
[  73.5 , 2.2 , 3.6 , 2.2 , 13.3 , 3.2 , 0.3 , 0.8 , 1.0 , 8493380 ] , [  70.3 , 0.7 , 0.2 , 1.8 , 20.2 , 4.2 , 0.2 , 1.2 , 1.1 , 5239879 ] , [  78.5 , 4.6 , 9.1 , 2.9 , 2.1 , 1.5 , 0.3 , 0.1 , 0.9 , 3253501 ] , [  76.6 , 0.6 , 0.1 , 2.4 , 19.9 , 0.1 , 0.2 , 0.0 , 0.1 , 349735 ] , [  81.1 , 0.6 , 0.1 , 2.9 , 15.1 , 0.1 , 0.1 , 0.0 , 0.1 , 33251 ] , [  84.3 , 0.4 , 0.1 , 3.3 , 11.7 , 0.1 , 0.0 , 0.0 , 0.0 , 5034 ] , [  85.2 , 0.7 , 0.2 , 2.3 , 11.4 , 0.1 , 0.0 , 0.1 , 0.0 , 6192 ] , [  93.5 , 0.6 , 0.1 , 2.6 , 2.6 , 0.0 , 0.2 , 0.1 , 0.3 , 6319 ] , [  89.6 , 0.7 , 0.1 , 3.8 , 5.7 , 0.1 , 0.0 , 0.0 , 0.0 , 3808 ] , [  60.5 , 0.6 , 0.0 , 3.1 , 35.6 , 0.0 , 0.0 , 0.0 , 0.1 , 6564 ] , [  77.7 , 0.3 , 0.0 , 2.5 , 19.3 , 0.0 , 0.0 , 0.0 , 0.2 , 5334 ] , [  90.3 , 0.7 , 0.2 , 1.7 , 6.7 , 0.1 , 0.3 , 0.0 , 0.1 , 25690 ] , [  91.5 , 0.8 , 0.0 , 0.3 , 7.1 , 0.1 , 0.0 , 0.0 , 0.2 , 5704 ] , [  86.7 , 0.7 , 0.0 , 0.1 , 12.1 , 0.2 , 0.0 , 0.0 , 0.3 , 4438 ] , [  91.1 , 0.5 , 0.0 , 2.9 , 4.1 , 0.0 , 1.2 , 0.0 , 0.1 , 4868 ] , [  94.7 , 0.7 , 0.4 , 0.1 , 3.9 , 0.1 , 0.0 , 0.0 , 0.0 , 6382 ] , [  85.1 , 0.8 , 0.2 , 6.1 , 7.5 , 0.0 , 0.1 , 0.0 , 0.1 , 4298 ] , [  57.7 , 0.3 , 0.1 , 3.7 , 37.9 , 0.0 , 0.0 , 0.0 , 0.2 , 40053 ] , [  42.5 , 0.3 , 0.1 , 2.1 , 55.0 , 0.0 , 0.0 , 0.0 , 0.0 , 5018 ] , [  63.2 , 0.4 , 0.1 , 4.2 , 32.1 , 0.0 , 0.0 , 0.0 , 0.0 , 5737 ] , [  59.4 , 0.1 , 0.0 , 2.1 , 38.4 , 0.0 , 0.0 , 0.0 , 0.0 , 4461 ] , [  68.8 , 0.5 , 0.1 , 1.4 , 29.2 , 0.0 , 0.0 , 0.0 , 0.0 , 6356 ] , [  51.7 , 0.5 , 0.0 , 10.2 , 36.0 , 0.0 , 0.0 , 0.0 , 1.6 , 5930 ] , [  53.8 , 0.2 , 0.0 , 1.8 , 43.7 , 0.1 , 0.3 , 0.0 , 0.0 , 4865 ] , [  60.6 , 0.2 , 0.1 , 3.3 , 35.7 , 0.0 , 0.0 , 0.1 , 0.0 , 7686 ] , [  90.1 , 1.0 , 0.6 , 1.8 , 6.0 , 0.0 , 0.1 , 0.1 , 0.3 , 36197 ] , [  81.9 , 0.5 , 0.1 , 0.2 , 17.0 , 0.1 , 0.0 , 0.0 , 0.2 , 4746 ] , [  81.6 , 0.8 , 0.0 , 1.1 , 16.3 , 0.0 , 0.1 , 0.1 , 0.0 , 3641 ] , [  88.5 , 0.5 , 0.1 , 0.2 , 10.6 , 0.1 , 0.0 , 0.0 , 0.0 , 5278 ] , [  94.8 , 0.6 , 1.3 , 1.5 , 0.8 , 0.0 , 0.0 , 0.2 , 0.7 , 12715 ] , [  89.3 , 2.7 , 0.7 , 4.4 , 2.3 , 0.1 , 0.0 , 0.0 , 0.4 , 2613 ] , [  92.8 , 1.7 , 0.2 , 4.1 , 0.8 , 0.1 , 0.1 , 0.1 , 0.0 , 7204 ] , [  66.5 , 0.5 , 0.1 , 2.0 , 30.8 , 0.2 , 0.0 , 0.0 , 0.0 , 27107 ] , [  65.8 , 0.5 , 0.0 , 0.5 , 33.1 , 0.0 , 0.0 , 0.0 , 0.0 , 4313 ] , [  69.1 , 0.7 , 0.0 , 5.6 , 24.5 , 0.0 , 0.0 , 0.0 , 0.1 , 5131 ] , [  70.4 , 0.5 , 0.0 , 0.6 , 28.4 , 0.0 , 0.0 , 0.0 , 0.0 , 7478 ] , [  60.2 , 0.3 , 0.0 , 0.0 , 39.3 , 0.0 , 0.0 , 0.0 , 0.1 , 4446 ] , [  64.4 , 0.6 , 0.1 , 3.1 , 31.0 , 0.6 , 0.0 , 0.1 , 0.0 , 5739 ] , [  75.1 , 0.4 , 0.2 , 4.0 , 19.6 , 0.0 , 0.3 , 0.0 , 0.3 , 25915 ] , [  88.0 , 0.5 , 0.3 , 2.0 , 8.2 , 0.0 , 0.9 , 0.1 , 0.0 , 9248 ] , [  78.3 , 0.4 , 0.2 , 18.2 , 1.2 , 0.0 , 0.1 , 0.0 , 1.7 , 3986 ] , [  64.4 , 0.5 , 0.2 , 0.4 , 34.5 , 0.0 , 0.0 , 0.0 , 0.0 , 5984 ] , [  64.9 , 0.4 , 0.0 , 1.5 , 33.1 , 0.0 , 0.0 , 0.0 , 0.0 , 6697 ] , [  75.5 , 0.4 , 0.1 , 2.1 , 21.7 , 0.0 , 0.1 , 0.0 , 0.0 , 21148 ] , [  73.6 , 0.4 , 0.0 , 3.5 , 21.9 , 0.1 , 0.4 , 0.1 , 0.0 , 7946 ] , [  76.2 , 0.4 , 0.0 , 2.5 , 20.7 , 0.0 , 0.0 , 0.0 , 0.0 , 6403 ] , [  77.1 , 0.5 , 0.1 , 0.0 , 22.2 , 0.0 , 0.0 , 0.0 , 0.0 , 6799 ] , [  63.8 , 0.6 , 0.0 , 0.7 , 33.8 , 0.1 , 0.7 , 0.1 , 0.2 , 30486 ] , [  53.4 , 0.7 , 0.1 , 0.3 , 44.1 , 0.0 , 1.4 , 0.0 , 0.0 , 7513 ] , [  76.9 , 0.6 , 0.0 , 0.4 , 20.3 , 0.1 , 1.1 , 0.0 , 0.6 , 5838 ] , [  66.0 , 1.0 , 0.0 , 0.1 , 32.2 , 0.0 , 0.6 , 0.1 , 0.0 , 4024 ] , [  70.7 , 0.5 , 0.0 , 2.1 , 25.3 , 0.4 , 0.3 , 0.2 , 0.5 , 6632 ] , [  55.8 , 0.4 , 0.0 , 0.2 , 43.5 , 0.0 , 0.0 , 0.0 , 0.0 , 6479 ] , [  74.4 , 0.5 , 0.1 , 1.7 , 23.1 , 0.0 , 0.0 , 0.0 , 0.0 , 30479 ] , [  74.7 , 0.4 , 0.0 , 2.6 , 22.0 , 0.0 , 0.0 , 0.0 , 0.0 , 6659 ] , [  71.4 , 0.5 , 0.3 , 3.4 , 24.4 , 0.0 , 0.0 , 0.0 , 0.0 , 9585 ] , [  77.2 , 0.8 , 0.1 , 0.1 , 21.7 , 0.0 , 0.1 , 0.0 , 0.0 , 5106 ] , [  80.5 , 0.5 , 0.1 , 0.1 , 18.5 , 0.1 , 0.1 , 0.1 , 0.0 , 4627 ] , [  70.6 , 0.4 , 0.1 , 0.5 , 28.4 , 0.0 , 0.0 , 0.0 , 0.0 , 4502 ] , [  82.1 , 0.6 , 0.1 , 1.4 , 15.2 , 0.2 , 0.4 , 0.0 , 0.0 , 23225 ] , [  81.2 , 0.5 , 0.1 , 5.2 , 12.7 , 0.1 , 0.1 , 0.0 , 0.0 , 4175 ] , [  83.2 , 0.5 , 0.1 , 0.2 , 13.5 , 0.7 , 1.9 , 0.0 , 0.0 , 4429 ] , [  75.0 , 0.8 , 0.1 , 0.1 , 23.9 , 0.0 , 0.0 , 0.0 , 0.0 , 4895 ] , [  85.5 , 0.6 , 0.1 , 0.9 , 12.7 , 0.1 , 0.0 , 0.1 , 0.0 , 9726 ] , [  79.9 , 0.6 , 0.1 , 3.7 , 15.5 , 0.1 , 0.1 , 0.0 , 0.0 , 33555 ] , [  70.3 , 0.5 , 0.1 , 2.2 , 26.8 , 0.0 , 0.1 , 0.0 , 0.1 , 4770 ] , [  83.7 , 0.7 , 0.1 , 1.4 , 14.0 , 0.1 , 0.0 , 0.0 , 0.0 , 5942 ] , [  79.0 , 0.6 , 0.0 , 4.3 , 15.8 , 0.0 , 0.0 , 0.1 , 0.1 , 7213 ] , [  91.4 , 0.8 , 0.3 , 2.3 , 5.0 , 0.1 , 0.0 , 0.0 , 0.0 , 7631 ] , [  56.3 , 0.6 , 0.1 , 7.0 , 36.0 , 0.1 , 0.1 , 0.0 , 0.0 , 3840 ] , [  87.9 , 0.5 , 0.0 , 6.8 , 4.4 , 0.0 , 0.3 , 0.0 , 0.0 , 4159 ] , [  90.1 , 0.6 , 0.1 , 2.3 , 6.7 , 0.2 , 0.0 , 0.0 , 0.0 , 22629 ] , [  92.3 , 0.5 , 0.0 , 0.3 , 6.3 , 0.5 , 0.0 , 0.0 , 0.0 , 4562 ] , [  88.6 , 0.9 , 0.1 , 4.2 , 6.0 , 0.2 , 0.0 , 0.1 , 0.0 , 5873 ] , [  89.0 , 0.5 , 0.0 , 2.6 , 7.8 , 0.0 , 0.0 , 0.0 , 0.0 , 5485 ] , [  90.9 , 0.6 , 0.1 , 1.6 , 6.7 , 0.1 , 0.1 , 0.0 , 0.0 , 6709 ]
])
] ,
'Kericho' : [
[
'Kenya' , 'Rural' , 'Urban' , 'KerichoCounty' , 'KipkelionEastConstituency' , 'Londiani' , 'KedowaKimugul' , 'Chepseon' , 'TendenoSorget' , 'KipkelionWestConstituency' , 'Kunyak' , 'Kamasian' , 'Kipkelion' , 'Chilchila' , 'AinamoiConstituency' , 'Kapsoit' , 'Ainamoi' , 'Kapkugerwet' , 'Kipchebor' , 'Kipchimchim' , 'Kapsaos' , 'BuretiConstituency' , 'Kisiara' , 'Tebesonik' , 'Cheboin' , 'Chemosot' , 'Litein' , 'Cheplanget' , 'Kapkatet' , 'BelgutConstituency' , 'Waldai' , 'Kabianga' , 'CheptororietSeretut' , 'Chaik' , 'Kapsuser' , 'SigowetSoinConstituency' , 'Sigowet' , 'Kaplelartet' , 'Soliat' , 'Soin' , ] ,
numpy.array([
