import numpy
wallmaterial = {
'Baringo' : [
[
'Kenya' , 'Rural' , 'Urban' , 'BaringoCounty' , 'TiatyConstituency' , 'Tirioko' , 'Kollowa' , 'Ribkwo' , 'Silale' , 'Loiyamorok' , 'TangulbeiKorossi' , 'ChuroAmaya' , 'BaringoNorthConstituency' , 'Barwessa' , 'Kabartonjo' , 'SaimoKipsaram' , 'SaimoSoi' , 'Bartabwa' , 'BaringoCentralConstituency' , 'Kabarnet' , 'Sacho' , 'Tenges' , 'EwalelChapchap' , 'Kapropita' , 'BaringoSouthConstituency' , 'Marigat' , 'Ilchamus' , 'Mochongoi' , 'Mukutan' , 'MogotioConstituency' , 'Mogotio' , 'Emining' , 'Kisanana' , 'EldamaRavineConstituency' , 'Lembus' , 'LembusKwen' , 'Ravine' , 'MumberesMajiMazuri' , 'LembusPerkerra' , 'Koibatek' , ] ,
numpy.array([
[  16.7 , 16.9 , 36.5 , 7.7 , 11.1 , 6.7 , 3.0 , 0.3 , 1.2 , 8493380 ] , [  5.7 , 13.8 , 50.0 , 7.6 , 14.4 , 2.5 , 4.4 , 0.3 , 1.4 , 5239879 ] , [  34.5 , 21.9 , 14.8 , 7.8 , 5.8 , 13.3 , 0.8 , 0.3 , 0.9 , 3253501 ] , [  5.1 , 3.5 , 50.6 , 6.2 , 25.8 , 6.5 , 1.6 , 0.1 , 0.8 , 107133 ] , [  1.6 , 1.1 , 60.4 , 3.2 , 25.3 , 0.7 , 6.7 , 0.1 , 0.9 , 21152 ] , [  0.1 , 0.3 , 32.6 , 0.8 , 58.1 , 0.1 , 7.9 , 0.0 , 0.1 , 3748 ] , [  1.7 , 1.6 , 77.8 , 3.6 , 13.0 , 0.1 , 2.2 , 0.0 , 0.1 , 3069 ] , [  3.6 , 2.5 , 39.5 , 2.4 , 40.9 , 1.5 , 9.1 , 0.1 , 0.3 , 2511 ] , [  0.1 , 0.3 , 31.2 , 2.7 , 42.5 , 0.0 , 20.6 , 0.0 , 2.6 , 3289 ] , [  8.5 , 2.4 , 61.4 , 8.3 , 10.4 , 1.7 , 3.9 , 0.1 , 3.3 , 1977 ] , [  0.4 , 1.0 , 87.1 , 4.1 , 3.3 , 1.9 , 1.3 , 0.2 , 0.7 , 3376 ] , [  0.4 , 0.5 , 94.2 , 2.5 , 0.8 , 0.5 , 0.8 , 0.0 , 0.2 , 3182 ] , [  2.1 , 2.8 , 56.7 , 8.8 , 25.9 , 2.9 , 0.5 , 0.0 , 0.2 , 18935 ] , [  0.8 , 1.9 , 80.7 , 11.9 , 2.5 , 1.1 , 0.8 , 0.0 , 0.2 , 4943 ] , [  1.4 , 2.9 , 35.2 , 6.6 , 52.1 , 1.4 , 0.2 , 0.0 , 0.1 , 3811 ] , [  1.5 , 3.1 , 38.1 , 4.5 , 50.5 , 1.4 , 0.5 , 0.0 , 0.3 , 4154 ] , [  5.6 , 3.7 , 53.2 , 12.7 , 14.1 , 9.9 , 0.7 , 0.1 , 0.1 , 3663 ] , [  1.6 , 2.5 , 79.3 , 7.4 , 7.8 , 0.7 , 0.4 , 0.0 , 0.3 , 2364 ] , [  5.5 , 9.6 , 39.0 , 7.4 , 34.3 , 3.8 , 0.2 , 0.1 , 0.3 , 15864 ] , [  8.3 , 10.8 , 30.5 , 10.4 , 35.5 , 3.5 , 0.2 , 0.1 , 0.7 , 5419 ] , [  2.7 , 4.5 , 51.2 , 5.5 , 32.0 , 3.9 , 0.2 , 0.0 , 0.0 , 2025 ] , [  2.9 , 7.3 , 54.2 , 13.1 , 11.7 , 10.1 , 0.5 , 0.1 , 0.1 , 1967 ] , [  3.9 , 4.8 , 46.7 , 3.5 , 38.4 , 2.5 , 0.1 , 0.0 , 0.1 , 3245 ] , [  5.5 , 17.0 , 28.6 , 3.9 , 43.3 , 1.6 , 0.1 , 0.0 , 0.1 , 3208 ] , [  1.6 , 2.6 , 48.0 , 6.1 , 15.8 , 24.8 , 0.4 , 0.2 , 0.3 , 16823 ] , [  2.2 , 4.5 , 34.3 , 4.6 , 12.0 , 41.5 , 0.4 , 0.2 , 0.1 , 6615 ] , [  1.6 , 2.4 , 59.6 , 9.8 , 1.2 , 23.9 , 0.4 , 0.3 , 0.7 , 2901 ] , [  1.0 , 0.9 , 49.1 , 5.7 , 31.4 , 11.1 , 0.4 , 0.0 , 0.5 , 5651 ] , [  1.6 , 1.0 , 79.2 , 7.3 , 2.8 , 6.7 , 0.4 , 0.8 , 0.2 , 1656 ] , [  7.3 , 2.9 , 70.5 , 6.6 , 4.4 , 7.6 , 0.1 , 0.0 , 0.7 , 11853 ] , [  12.7 , 3.9 , 65.1 , 6.6 , 5.4 , 5.0 , 0.0 , 0.0 , 1.3 , 5575 ] , [  2.5 , 2.4 , 69.7 , 5.1 , 5.7 , 14.0 , 0.2 , 0.0 , 0.3 , 3243 ] , [  2.5 , 1.4 , 81.1 , 8.2 , 1.3 , 5.5 , 0.0 , 0.0 , 0.1 , 3035 ] , [  11.9 , 3.2 , 35.8 , 5.7 , 38.8 , 2.4 , 0.2 , 0.1 , 1.8 , 22506 ] , [  3.1 , 1.7 , 30.6 , 2.4 , 58.0 , 1.6 , 0.4 , 0.0 , 2.3 , 4303 ] , [  11.0 , 4.0 , 41.2 , 5.0 , 37.1 , 1.5 , 0.1 , 0.1 , 0.0 , 3892 ] , [  18.5 , 4.1 , 42.8 , 9.7 , 18.5 , 3.5 , 0.1 , 0.1 , 2.8 , 4363 ] , [  4.4 , 2.2 , 24.1 , 1.3 , 64.6 , 1.2 , 0.0 , 0.0 , 2.0 , 4078 ] , [  26.9 , 3.5 , 33.3 , 10.3 , 19.0 , 3.9 , 0.3 , 0.1 , 2.7 , 3429 ] , [  8.8 , 4.3 , 47.3 , 6.6 , 28.6 , 3.5 , 0.0 , 0.0 , 0.9 , 2441 ]
])
] ,
'Bomet' : [
[
'Kenya' , 'Rural' , 'Urban' , 'BometCounty' , 'SotikConstituency' , 'NdanaiAbosi' , 'Chemagel' , 'Kipsonoi' , 'Kapletundo' , 'RongenaChebilat' , 'ChepalunguConstituency' , 'byCountyConstituencyandWardCountyConstituencyWardStoneBrickBlockMudWoodMudCementWoodonlyCorrugatedIronSheetsGrassReedsTinOtherbyCountyConstituencyandWardCountyConstituencyStoneBrickBlockMudWoodMudCementWoodonlyCorrugatedIronSheetsGrassReedsTinOtherKipsonoi' , 'Kapletundo' , 'RongenaChebilat' , 'ChepalunguConstituency' , 'KongAsis' , 'Nyangores' , 'Sigor' , 'Chebunyo' , 'Siongiroi' , 'BometEastConstituency' , 'Merigi' , 'Kembu' , 'Longisa' , 'Kipreres' , 'Chemaner' , 'BometCentralConstituency' , 'SilibwetTownship' , 'Ndaraweta' , 'Sigorwet' , 'Cheseon' , 'Mutarakwa' , 'KonoinConstituency' , 'Chepchabas' , 'Kimulot' , 'Mogogosieki' , 'Boito' , 'Embomos' , ] ,
numpy.array([
[  16.7 , 16.9 , 36.5 , 7.7 , 11.1 , 6.7 , 3.0 , 0.3 , 1.2 , 8493380 ] , [  5.7 , 13.8 , 50.0 , 7.6 , 14.4 , 2.5 , 4.4 , 0.3 , 1.4 , 5239879 ] , [  34.5 , 21.9 , 14.8 , 7.8 , 5.8 , 13.3 , 0.8 , 0.3 , 0.9 , 3253501 ] , [  4.7 , 9.1 , 64.2 , 7.0 , 12.7 , 0.5 , 0.1 , 0.1 , 1.6 , 141219 ] , [  3.0 , 9.8 , 69.1 , 6.6 , 8.5 , 0.6 , 0.1 , 0.0 , 2.3 , 31878 ] , [  0.6 , 2.7 , 76.4 , 7.2 , 5.2 , 0.0 , 0.1 , 0.0 , 7.7 , 6746 ] , [  7.0 , 15.5 , 55.8 , 6.8 , 12.9 , 1.6 , 0.0 , 0.0 , 0.4 , 6500 ] , [  1.6 , 3.9 , 78.4 , 6.2 , 9.7 , 0.1 , 0.0 , 0.0 , 0.0 , 6001 ] , [  1.4 , 4.0 , 79.4 , 4.9 , 8.0 , 0.2 , 0.1 , 0.0 , 1.9 , 7244 ] , [  4.9 , 25.8 , 52.1 , 8.5 , 6.8 , 1.2 , 0.1 , 0.0 , 0.6 , 5387 ] , [  0.7 , 1.5 , 81.7 , 9.1 , 6.7 , 0.2 , 0.0 , 0.0 , 0.1 , 30094 ] , [  1.4 , 3.8 , 80.8 , 5.3 , 8.4 , 0.1 , 0.0 , 0.0 , 0.1 , 2164 ] , [  1.1 , 3.7 , 79.6 , 5.9 , 7.5 , 0.3 , 0.1 , 0.0 , 1.8 , 1965 ] , [  4.1 , 21.0 , 57.9 , 9.6 , 6.1 , 0.7 , 0.0 , 0.0 , 0.6 , 1597 ] , [  0.5 , 1.5 , 81.8 , 9.2 , 6.8 , 0.1 , 0.0 , 0.0 , 0.0 , 10961 ] , [  0.2 , 0.8 , 85.8 , 7.4 , 5.6 , 0.1 , 0.1 , 0.0 , 0.1 , 1813 ] , [  0.8 , 2.3 , 84.8 , 5.8 , 6.2 , 0.1 , 0.0 , 0.0 , 0.0 , 2330 ] , [  0.6 , 1.0 , 80.0 , 15.3 , 2.9 , 0.2 , 0.0 , 0.0 , 0.0 , 2669 ] , [  0.5 , 1.8 , 76.8 , 10.3 , 10.3 , 0.1 , 0.1 , 0.0 , 0.0 , 2309 ] , [  0.7 , 1.4 , 83.1 , 4.9 , 9.9 , 0.1 , 0.0 , 0.0 , 0.0 , 1840 ] , [  2.2 , 3.2 , 79.1 , 6.4 , 7.5 , 0.5 , 0.2 , 0.0 , 0.8 , 8204 ] , [  4.2 , 4.5 , 66.8 , 5.0 , 14.8 , 0.9 , 0.7 , 0.0 , 3.2 , 1510 ] , [  1.3 , 2.6 , 79.2 , 4.8 , 11.4 , 0.2 , 0.0 , 0.0 , 0.5 , 1653 ] , [  0.8 , 4.8 , 83.4 , 6.3 , 3.6 , 0.9 , 0.0 , 0.1 , 0.0 , 2011 ] , [  4.0 , 1.8 , 81.9 , 9.3 , 2.5 , 0.4 , 0.1 , 0.0 , 0.0 , 1859 ] , [  0.4 , 1.8 , 83.3 , 6.3 , 7.5 , 0.0 , 0.2 , 0.0 , 0.4 , 1171 ] , [  6.5 , 5.3 , 57.8 , 6.6 , 22.6 , 0.6 , 0.2 , 0.1 , 0.3 , 6432 ] , [  20.2 , 12.5 , 39.2 , 5.9 , 20.8 , 1.1 , 0.1 , 0.0 , 0.2 , 1484 ] , [  3.2 , 3.4 , 49.2 , 4.5 , 38.1 , 0.0 , 0.0 , 0.0 , 1.6 , 976 ] , [  3.2 , 3.7 , 64.1 , 8.2 , 19.8 , 0.8 , 0.0 , 0.1 , 0.1 , 997 ] , [  2.7 , 2.9 , 62.2 , 3.4 , 27.1 , 0.7 , 0.8 , 0.2 , 0.1 , 1729 ] , [  0.6 , 3.0 , 75.4 , 12.0 , 8.8 , 0.1 , 0.0 , 0.0 , 0.0 , 1246 ] , [  10.4 , 20.3 , 37.3 , 6.9 , 19.5 , 1.1 , 0.0 , 0.2 , 4.2 , 7529 ] , [  19.3 , 67.1 , 4.5 , 1.6 , 0.6 , 0.2 , 0.1 , 0.1 , 6.6 , 1620 ] , [  6.4 , 6.5 , 37.5 , 4.1 , 41.2 , 4.4 , 0.0 , 0.0 , 0.0 , 1033 ] , [  7.4 , 10.8 , 50.3 , 11.6 , 17.8 , 0.6 , 0.0 , 0.0 , 1.4 , 1540 ] , [  15.1 , 8.9 , 47.3 , 6.9 , 20.2 , 1.1 , 0.1 , 0.0 , 0.4 , 1613 ] , [  2.8 , 3.9 , 47.2 , 9.5 , 25.0 , 0.3 , 0.0 , 0.7 , 10.6 , 1723 ]
])
] ,
'Bungoma' : [
[
'Kenya' , 'Rural' , 'Urban' , 'BungomaCounty' , 'MtElgonConstituency' , 'Cheptais' , 'Chesikaki' , 'Chepyuk' , 'Kapkateny' , 'Kaptama' , 'Elgon' , 'SirisiaConstituency' , 'Namwela' , 'MalakisiSouthKulisiru' , 'Lwandanyi' , 'KabuchaiConstituency' , 'KabuchaiChwele' , 'WestNalondo' , 'BwakeLuuya' , 'Mukuyuni' , 'BumulaConstituency' , 'SouthBukusu' , 'Bumula' , 'Khasoko' , 'Kabula' , 'Kimaeti' , 'WestBukusu' , 'Siboti' , 'KanduyiConstituency' , 'BukembeWest' , 'byCountyConstituencyandWardCountyConstituencyWardStoneBrickBlockMudWoodMudCementWoodonlyCorrugatedIronSheetsGrassReedsTinOtherElgon' , 'SirisiaConstituency' , 'Namwela' , 'MalakisiSouthKulisiru' , 'Lwandanyi' , 'KabuchaiConstituency' , 'KabuchaiChwele' , 'WestNalondo' , 'BwakeLuuya' , 'Mukuyuni' , 'BumulaConstituency' , 'SouthBukusu' , 'Bumula' , 'Khasoko' , 'Kabula' , 'Kimaeti' , 'WestBukusu' , 'Siboti' , 'KanduyiConstituency' , 'BukembeWest' , 'BukembeEast' , 'Township' , 'Khalaba' , 'Musikoma' , 'EastSangAlo' , 'MarakaryTuuti' , 'WestSangAlo' , 'WebuyeEastConstituency' , 'Mihuu' , 'Ndivisi' , 'Maraka' , 'byCountyConstituencyandWardCountyConstituencyStoneBrickBlockMudWoodMudCementWoodonlyCorrugatedIronSheetsGrassReedsTinOtherSiboti' , 'KanduyiConstituency' , 'BukembeWest' , 'BukembeEast' , 'Township' , 'Khalaba' , 'Musikoma' , 'EastSangAlo' , 'MarakaryTuuti' , 'WestSangAlo' , 'WebuyeEastConstituency' , 'Mihuu' , 'Ndivisi' , 'Maraka' , 'WebuyeWestConstituency' , 'Misikhu' , 'Namwela' , 'MalakisiSouthKulisiru' , 'Lwandanyi' , 'KabuchaiConstituency' , 'KabuchaiChwele' , 'WestNalondo' , 'BwakeLuuya' , 'Mukuyuni' , 'BumulaConstituency' , 'SouthBukusu' , 'Bumula' , 'Khasoko' , 'Kabula' , 'Kimaeti' , 'WestBukusu' , 'Sitikho' , 'Matulo' , 'Bokoli' , 'KimililiConstituency' , 'Kibingei' , 'Kimilili' , 'Maeni' , 'Kamukuywa' , 'TongarenConstituency' , 'Mbakalo' , 'NaitiriKabuyefwe' , 'Milima' , 'Ndalu' , 'Tongaren' , 'SoysambuMitua' , ] ,
numpy.array([
[  16.7 , 16.9 , 36.5 , 7.7 , 11.1 , 6.7 , 3.0 , 0.3 , 1.2 , 8493380 ] , [  5.7 , 13.8 , 50.0 , 7.6 , 14.4 , 2.5 , 4.4 , 0.3 , 1.4 , 5239879 ] , [  34.5 , 21.9 , 14.8 , 7.8 , 5.8 , 13.3 , 0.8 , 0.3 , 0.9 , 3253501 ] , [  1.5 , 14.3 , 70.2 , 12.5 , 0.4 , 0.2 , 0.1 , 0.0 , 0.9 , 260628 ] , [  2.3 , 7.4 , 75.3 , 10.9 , 1.9 , 0.5 , 0.2 , 0.1 , 1.4 , 31587 ] , [  1.3 , 17.5 , 69.8 , 10.5 , 0.1 , 0.1 , 0.1 , 0.3 , 0.3 , 5634 ] , [  2.4 , 6.7 , 76.4 , 14.0 , 0.2 , 0.1 , 0.0 , 0.0 , 0.2 , 4478 ] , [  0.6 , 1.3 , 75.8 , 8.6 , 8.2 , 1.1 , 0.6 , 0.2 , 3.7 , 4158 ] , [  0.7 , 1.6 , 86.3 , 9.0 , 1.2 , 0.2 , 0.2 , 0.0 , 0.8 , 5268 ] , [  3.7 , 4.9 , 75.0 , 12.3 , 0.7 , 0.4 , 0.1 , 0.0 , 2.9 , 6035 ] , [  4.3 , 10.2 , 70.1 , 10.9 , 2.2 , 1.1 , 0.2 , 0.0 , 1.0 , 6014 ] , [  2.4 , 14.2 , 70.5 , 10.7 , 0.2 , 0.0 , 0.1 , 0.0 , 1.9 , 19819 ] , [  0.9 , 6.4 , 81.7 , 10.8 , 0.1 , 0.0 , 0.1 , 0.0 , 0.0 , 5168 ] , [  3.6 , 10.0 , 69.5 , 13.1 , 0.1 , 0.1 , 0.2 , 0.0 , 3.4 , 6802 ] , [  2.2 , 23.1 , 64.1 , 8.5 , 0.3 , 0.0 , 0.0 , 0.0 , 1.7 , 7849 ] , [  1.0 , 10.0 , 73.6 , 13.4 , 0.2 , 0.1 , 0.1 , 0.0 , 1.7 , 27260 ] , [  0.6 , 16.5 , 69.5 , 12.7 , 0.2 , 0.2 , 0.1 , 0.1 , 0.1 , 7343 ] , [  1.1 , 13.3 , 73.6 , 11.6 , 0.2 , 0.0 , 0.0 , 0.0 , 0.2 , 6265 ] , [  1.6 , 4.6 , 73.1 , 17.6 , 0.2 , 0.1 , 0.1 , 0.0 , 2.8 , 6327 ] , [  0.9 , 5.3 , 78.1 , 11.9 , 0.1 , 0.0 , 0.0 , 0.0 , 3.7 , 7325 ] , [  0.6 , 6.9 , 77.0 , 15.0 , 0.2 , 0.1 , 0.1 , 0.0 , 0.1 , 34280 ] , [  0.3 , 6.8 , 77.3 , 15.2 , 0.3 , 0.0 , 0.0 , 0.0 , 0.0 , 4297 ] , [  0.4 , 6.0 , 73.5 , 19.3 , 0.2 , 0.0 , 0.1 , 0.0 , 0.5 , 6232 ] , [  0.4 , 7.6 , 77.8 , 13.7 , 0.2 , 0.0 , 0.2 , 0.0 , 0.1 , 2640 ] , [  0.2 , 8.3 , 77.4 , 13.7 , 0.2 , 0.0 , 0.1 , 0.0 , 0.0 , 4038 ] , [  0.4 , 7.6 , 81.8 , 9.7 , 0.1 , 0.2 , 0.3 , 0.0 , 0.0 , 7044 ] , [  1.9 , 7.1 , 71.7 , 18.6 , 0.2 , 0.0 , 0.1 , 0.0 , 0.3 , 3768 ] , [  0.8 , 5.7 , 77.3 , 15.9 , 0.1 , 0.0 , 0.1 , 0.0 , 0.0 , 6261 ] , [  1.4 , 25.4 , 55.2 , 16.8 , 0.2 , 0.3 , 0.1 , 0.0 , 0.6 , 46059 ] , [  0.7 , 8.8 , 79.6 , 9.2 , 0.1 , 0.2 , 0.1 , 0.1 , 1.3 , 3663 ] , [  4.3 , 10.2 , 70.2 , 10.3 , 2.2 , 1.4 , 0.3 , 0.0 , 1.2 , 4228 ] , [  2.3 , 13.8 , 71.4 , 10.4 , 0.2 , 0.1 , 0.1 , 0.0 , 1.8 , 13800 ] , [  1.0 , 6.3 , 82.2 , 10.3 , 0.1 , 0.1 , 0.0 , 0.0 , 0.1 , 3661 ] , [  3.4 , 9.7 , 70.2 , 13.0 , 0.1 , 0.1 , 0.2 , 0.0 , 3.4 , 4741 ] , [  2.1 , 22.4 , 65.1 , 8.3 , 0.3 , 0.0 , 0.0 , 0.0 , 1.7 , 5398 ] , [  1.1 , 9.5 , 74.1 , 13.3 , 0.2 , 0.1 , 0.0 , 0.0 , 1.6 , 18969 ] , [  0.7 , 15.5 , 70.2 , 12.8 , 0.3 , 0.2 , 0.1 , 0.1 , 0.2 , 4980 ] , [  1.2 , 13.0 , 73.6 , 11.6 , 0.3 , 0.1 , 0.0 , 0.0 , 0.2 , 4507 ] , [  1.7 , 4.4 , 73.3 , 17.8 , 0.3 , 0.0 , 0.0 , 0.0 , 2.3 , 4306 ] , [  0.8 , 4.9 , 78.9 , 11.6 , 0.1 , 0.0 , 0.0 , 0.0 , 3.7 , 5176 ] , [  0.6 , 6.4 , 77.5 , 15.0 , 0.2 , 0.1 , 0.1 , 0.0 , 0.1 , 23542 ] , [  0.2 , 5.8 , 78.3 , 15.2 , 0.4 , 0.0 , 0.0 , 0.0 , 0.0 , 2954 ] , [  0.3 , 6.0 , 73.3 , 19.7 , 0.2 , 0.0 , 0.1 , 0.0 , 0.4 , 4267 ] , [  0.3 , 7.1 , 78.6 , 13.5 , 0.2 , 0.1 , 0.2 , 0.1 , 0.0 , 1777 ] , [  0.2 , 7.9 , 77.8 , 13.6 , 0.3 , 0.0 , 0.2 , 0.0 , 0.0 , 2814 ] , [  0.5 , 6.8 , 82.8 , 9.3 , 0.1 , 0.2 , 0.2 , 0.0 , 0.0 , 4781 ] , [  1.9 , 7.0 , 72.5 , 18.0 , 0.2 , 0.0 , 0.1 , 0.0 , 0.3 , 2622 ] , [  0.7 , 5.2 , 77.4 , 16.3 , 0.2 , 0.1 , 0.1 , 0.0 , 0.0 , 4327 ] , [  1.4 , 24.8 , 55.9 , 16.8 , 0.2 , 0.3 , 0.1 , 0.0 , 0.6 , 32521 ] , [  0.6 , 8.0 , 80.3 , 9.3 , 0.2 , 0.3 , 0.2 , 0.1 , 1.1 , 2634 ] , [  0.7 , 25.0 , 64.0 , 9.5 , 0.0 , 0.6 , 0.1 , 0.0 , 0.0 , 3931 ] , [  3.9 , 62.6 , 12.7 , 18.3 , 0.1 , 1.5 , 0.0 , 0.1 , 0.7 , 3076 ] , [  1.6 , 53.8 , 25.1 , 18.7 , 0.2 , 0.4 , 0.0 , 0.0 , 0.1 , 4327 ] , [  0.8 , 24.2 , 58.5 , 16.1 , 0.1 , 0.0 , 0.0 , 0.0 , 0.0 , 6007 ] , [  0.3 , 4.8 , 82.6 , 12.0 , 0.2 , 0.0 , 0.0 , 0.0 , 0.1 , 4131 ] , [  1.9 , 14.6 , 55.0 , 25.4 , 0.2 , 0.1 , 0.1 , 0.1 , 2.7 , 4636 ] , [  1.5 , 7.9 , 68.5 , 21.8 , 0.2 , 0.0 , 0.2 , 0.0 , 0.0 , 3779 ] , [  3.5 , 16.7 , 69.5 , 10.1 , 0.1 , 0.1 , 0.0 , 0.0 , 0.1 , 13141 ] , [  6.9 , 8.5 , 77.8 , 6.6 , 0.1 , 0.1 , 0.0 , 0.0 , 0.0 , 4972 ] , [  0.6 , 11.8 , 77.0 , 10.3 , 0.1 , 0.0 , 0.1 , 0.0 , 0.1 , 4876 ] , [  2.6 , 36.1 , 45.8 , 15.0 , 0.1 , 0.2 , 0.0 , 0.0 , 0.1 , 3293 ] , [  1.1 , 6.6 , 77.0 , 15.0 , 0.1 , 0.0 , 0.1 , 0.0 , 0.1 , 1934 ] , [  1.4 , 26.8 , 53.7 , 17.0 , 0.1 , 0.2 , 0.1 , 0.1 , 0.7 , 13538 ] , [  0.7 , 10.8 , 77.7 , 9.0 , 0.0 , 0.1 , 0.0 , 0.0 , 1.7 , 1029 ] , [  0.4 , 25.3 , 62.5 , 11.2 , 0.1 , 0.3 , 0.1 , 0.1 , 0.0 , 1574 ] , [  3.7 , 66.5 , 13.2 , 15.3 , 0.1 , 0.6 , 0.1 , 0.1 , 0.4 , 1344 ] , [  1.6 , 58.2 , 21.7 , 17.7 , 0.2 , 0.4 , 0.0 , 0.2 , 0.1 , 1997 ] , [  1.3 , 22.8 , 59.3 , 16.3 , 0.0 , 0.1 , 0.0 , 0.0 , 0.1 , 2162 ] , [  0.8 , 5.7 , 80.7 , 12.4 , 0.1 , 0.1 , 0.1 , 0.0 , 0.2 , 1942 ] , [  2.0 , 16.8 , 51.3 , 26.4 , 0.2 , 0.1 , 0.2 , 0.1 , 3.0 , 1955 ] , [  1.0 , 8.1 , 67.0 , 23.4 , 0.3 , 0.1 , 0.0 , 0.1 , 0.0 , 1535 ] , [  3.1 , 17.2 , 69.1 , 10.5 , 0.0 , 0.1 , 0.1 , 0.0 , 0.1 , 5876 ] , [  6.5 , 10.7 , 75.8 , 6.9 , 0.0 , 0.0 , 0.0 , 0.0 , 0.0 , 2215 ] , [  0.5 , 13.4 , 73.6 , 12.3 , 0.0 , 0.0 , 0.1 , 0.0 , 0.0 , 2418 ] , [  1.9 , 36.0 , 48.2 , 13.4 , 0.0 , 0.3 , 0.0 , 0.0 , 0.2 , 1243 ] , [  1.6 , 18.4 , 68.0 , 9.7 , 0.1 , 0.1 , 0.0 , 0.0 , 2.0 , 7191 ] , [  4.0 , 7.2 , 75.9 , 7.9 , 0.1 , 0.0 , 0.1 , 0.0 , 4.9 , 1748 ] , [  0.9 , 6.5 , 80.5 , 11.9 , 0.0 , 0.0 , 0.3 , 0.0 , 0.0 , 1507 ] , [  4.0 , 10.8 , 67.8 , 13.5 , 0.1 , 0.0 , 0.2 , 0.0 , 3.5 , 2061 ] , [  2.4 , 24.6 , 61.9 , 8.9 , 0.2 , 0.0 , 0.0 , 0.0 , 1.9 , 2451 ] , [  1.0 , 11.0 , 72.4 , 13.4 , 0.1 , 0.1 , 0.1 , 0.0 , 1.9 , 8291 ] , [  0.4 , 18.5 , 68.0 , 12.6 , 0.2 , 0.1 , 0.0 , 0.0 , 0.0 , 2363 ] , [  1.0 , 13.9 , 73.5 , 11.4 , 0.1 , 0.0 , 0.1 , 0.0 , 0.1 , 1758 ] , [  1.4 , 4.9 , 72.4 , 17.1 , 0.0 , 0.1 , 0.2 , 0.0 , 3.8 , 2021 ] , [  1.1 , 6.2 , 76.4 , 12.6 , 0.0 , 0.0 , 0.0 , 0.0 , 3.5 , 2149 ] , [  0.7 , 7.9 , 75.8 , 15.0 , 0.1 , 0.0 , 0.1 , 0.0 , 0.2 , 10738 ] , [  0.6 , 9.2 , 75.0 , 15.0 , 0.1 , 0.1 , 0.0 , 0.1 , 0.0 , 1343 ] , [  0.7 , 6.1 , 74.0 , 18.5 , 0.2 , 0.0 , 0.1 , 0.0 , 0.6 , 1965 ] , [  0.6 , 8.7 , 76.1 , 14.1 , 0.1 , 0.0 , 0.1 , 0.0 , 0.2 , 863 ] , [  0.3 , 9.2 , 76.3 , 14.1 , 0.0 , 0.0 , 0.0 , 0.0 , 0.0 , 1224 ] , [  0.3 , 9.2 , 79.5 , 10.4 , 0.1 , 0.1 , 0.4 , 0.0 , 0.0 , 2263 ] , [  2.0 , 7.5 , 69.9 , 20.0 , 0.3 , 0.0 , 0.1 , 0.0 , 0.3 , 1146 ] , [  0.2 , 7.4 , 78.2 , 11.5 , 0.1 , 0.0 , 0.0 , 0.0 , 2.7 , 1657 ] , [  1.8 , 44.6 , 44.3 , 7.8 , 0.1 , 0.5 , 0.0 , 0.0 , 0.7 , 2079 ] , [  0.1 , 8.7 , 78.7 , 12.3 , 0.1 , 0.0 , 0.0 , 0.0 , 0.1 , 1707 ] , [  1.4 , 14.2 , 73.8 , 10.1 , 0.2 , 0.0 , 0.1 , 0.0 , 0.1 , 7753 ] , [  2.5 , 13.8 , 79.5 , 3.6 , 0.2 , 0.0 , 0.1 , 0.0 , 0.2 , 2040 ] , [  2.1 , 20.6 , 64.0 , 12.9 , 0.1 , 0.0 , 0.0 , 0.0 , 0.2 , 2422 ] , [  0.4 , 5.3 , 79.4 , 14.8 , 0.0 , 0.0 , 0.1 , 0.0 , 0.0 , 1322 ] , [  0.3 , 12.7 , 76.3 , 10.4 , 0.4 , 0.1 , 0.0 , 0.0 , 0.0 , 1969 ] , [  0.7 , 12.8 , 75.0 , 11.3 , 0.1 , 0.0 , 0.0 , 0.0 , 0.1 , 11541 ] , [  0.4 , 8.0 , 83.0 , 8.3 , 0.2 , 0.0 , 0.0 , 0.0 , 0.1 , 1920 ] , [  0.3 , 10.6 , 78.8 , 10.0 , 0.2 , 0.0 , 0.0 , 0.0 , 0.1 , 2255 ] , [  1.6 , 19.1 , 69.3 , 9.8 , 0.1 , 0.0 , 0.1 , 0.0 , 0.0 , 2227 ] , [  1.2 , 17.6 , 60.1 , 21.1 , 0.1 , 0.0 , 0.0 , 0.0 , 0.0 , 1182 ] , [  0.7 , 11.4 , 75.1 , 12.7 , 0.0 , 0.0 , 0.0 , 0.0 , 0.0 , 2091 ] , [  0.1 , 11.1 , 78.3 , 9.8 , 0.0 , 0.0 , 0.1 , 0.0 , 0.6 , 1866 ]
])
] ,
'Busia' : [
[
'Kenya' , 'Rural' , 'Urban' , 'BusiaCounty' , 'TesoNorthConstituency' , 'MalabaCentral' , 'MalabaNorth' , 'AngUraiSouth' , 'AngUraiNorth' , 'AngUraiEast' , 'MalabaSouth' , 'TesoSouthConstituency' , 'Angorom' , 'ChakolSouth' , 'ChakolNorth' , 'AmukuraWest' , 'AmukuraEast' , 'AmukuraCentral' , 'NambaleConstituency' , 'Nambale' , 'BukhayoNorthWalatsi' , 'BukhayoEast' , 'BukhayoCentral' , 'MatayosConstituency' , 'BukhayoWest' , 'Mayenje' , 'MatayosSouth' , 'Busibwabo' , 'Burumba' , 'ButulaConstituency' , 'MarachiWest' , 'Kingandole' , 'MarachiCentral' , 'MarachiEast' , 'byCountyConstituencyandWardCountyConstituencyWardStoneBrickBlockMudWoodMudCementWoodonlyCorrugatedIronSheetsGrassReedsTinOtherBukhayoEast' , 'BukhayoCentral' , 'MatayosConstituency' , 'BukhayoWest' , 'Mayenje' , 'MatayosSouth' , 'Busibwabo' , 'Burumba' , 'ButulaConstituency' , 'MarachiWest' , 'Kingandole' , 'MarachiCentral' , 'MarachiEast' , 'MarachiNorth' , 'Elugulu' , 'FunyulaConstituency' , 'NambobotoNambuku' , 'Nangina' , 'AgengaNanguba' , 'Bwiri' , 'BudalangiConstituency' , 'BunyalaCentral' , 'BunyalaNorth' , 'BunyalaWest' , 'BunyalaSouth' , 'byCountyConstituencyandWardCountyConstituencyStoneBrickBlockMudWoodMudCementWoodonlyCorrugatedIronSheetsGrassReedsTinOtherMarachiWest' , 'Kingandole' , 'MarachiCentral' , 'MarachiEast' , 'MarachiNorth' , 'Elugulu' , 'FunyulaConstituency' , 'NambobotoNambuku' , 'Nangina' , 'AgengaNanguba' , 'Bwiri' , 'BudalangiConstituency' , 'BunyalaCentral' , 'BunyalaNorth' , 'BunyalaWest' , 'BunyalaSouth' , ] ,
numpy.array([
[  16.7 , 16.9 , 36.5 , 7.7 , 11.1 , 6.7 , 3.0 , 0.3 , 1.2 , 8493380 ] , [  5.7 , 13.8 , 50.0 , 7.6 , 14.4 , 2.5 , 4.4 , 0.3 , 1.4 , 5239879 ] , [  34.5 , 21.9 , 14.8 , 7.8 , 5.8 , 13.3 , 0.8 , 0.3 , 0.9 , 3253501 ] , [  1.7 , 16.3 , 68.6 , 10.5 , 0.2 , 0.3 , 0.3 , 0.1 , 2.1 , 147910 ] , [  1.0 , 25.3 , 65.4 , 7.6 , 0.3 , 0.3 , 0.1 , 0.0 , 0.1 , 22917 ] , [  1.1 , 55.2 , 36.3 , 6.0 , 0.4 , 0.8 , 0.0 , 0.0 , 0.1 , 6070 ] , [  0.3 , 9.5 , 85.7 , 3.9 , 0.4 , 0.0 , 0.0 , 0.0 , 0.1 , 2556 ] , [  1.8 , 17.9 , 72.8 , 7.1 , 0.2 , 0.1 , 0.1 , 0.0 , 0.0 , 3769 ] , [  0.8 , 15.8 , 74.1 , 8.7 , 0.3 , 0.1 , 0.0 , 0.0 , 0.2 , 4085 ] , [  2.0 , 18.7 , 67.5 , 11.6 , 0.2 , 0.0 , 0.0 , 0.0 , 0.0 , 2766 ] , [  0.2 , 10.3 , 80.6 , 8.8 , 0.1 , 0.0 , 0.1 , 0.0 , 0.0 , 3671 ] , [  0.5 , 15.3 , 71.6 , 11.5 , 0.2 , 0.3 , 0.2 , 0.0 , 0.4 , 24451 ] , [  1.9 , 54.4 , 30.0 , 11.0 , 0.1 , 1.6 , 0.0 , 0.0 , 1.0 , 4160 ] , [  0.1 , 9.6 , 82.8 , 7.1 , 0.3 , 0.0 , 0.0 , 0.0 , 0.1 , 5875 ] , [  0.1 , 3.7 , 87.7 , 8.1 , 0.2 , 0.1 , 0.0 , 0.0 , 0.0 , 3455 ] , [  0.2 , 7.6 , 79.1 , 11.0 , 0.1 , 0.1 , 0.0 , 0.0 , 1.8 , 2781 ] , [  0.3 , 8.0 , 69.2 , 22.1 , 0.1 , 0.2 , 0.0 , 0.0 , 0.0 , 4209 ] , [  0.2 , 6.1 , 81.8 , 10.6 , 0.2 , 0.0 , 1.0 , 0.0 , 0.0 , 3971 ] , [  0.5 , 15.8 , 72.9 , 8.9 , 0.2 , 0.2 , 0.4 , 0.0 , 0.9 , 18672 ] , [  0.8 , 28.2 , 60.0 , 9.7 , 0.2 , 0.4 , 0.6 , 0.0 , 0.0 , 6584 ] , [  0.0 , 6.4 , 83.5 , 9.4 , 0.4 , 0.0 , 0.2 , 0.1 , 0.0 , 4121 ] , [  0.5 , 11.4 , 72.6 , 10.9 , 0.3 , 0.0 , 0.4 , 0.0 , 4.0 , 4262 ] , [  0.4 , 9.6 , 84.5 , 4.9 , 0.1 , 0.1 , 0.4 , 0.1 , 0.0 , 3705 ] , [  2.7 , 25.5 , 61.5 , 9.2 , 0.2 , 0.5 , 0.3 , 0.0 , 0.1 , 23278 ] , [  0.6 , 15.2 , 72.3 , 10.3 , 0.1 , 0.5 , 0.8 , 0.0 , 0.0 , 6562 ] , [  0.9 , 17.5 , 66.4 , 14.9 , 0.0 , 0.0 , 0.1 , 0.1 , 0.1 , 1830 ] , [  1.2 , 11.0 , 81.8 , 5.4 , 0.2 , 0.1 , 0.2 , 0.0 , 0.0 , 6242 ] , [  0.6 , 6.6 , 85.7 , 6.8 , 0.2 , 0.1 , 0.0 , 0.0 , 0.0 , 2240 ] , [  7.4 , 59.2 , 20.7 , 11.0 , 0.2 , 1.1 , 0.0 , 0.0 , 0.3 , 6404 ] , [  1.9 , 9.7 , 77.7 , 9.5 , 0.2 , 0.1 , 0.1 , 0.0 , 0.8 , 25148 ] , [  4.9 , 17.0 , 72.2 , 5.5 , 0.1 , 0.2 , 0.1 , 0.0 , 0.0 , 4316 ] , [  0.6 , 7.5 , 84.9 , 6.8 , 0.3 , 0.0 , 0.0 , 0.0 , 0.0 , 3703 ] , [  2.7 , 8.9 , 82.8 , 5.3 , 0.0 , 0.0 , 0.0 , 0.0 , 0.1 , 4130 ] , [  0.8 , 8.4 , 77.5 , 12.6 , 0.4 , 0.1 , 0.0 , 0.0 , 0.2 , 4251 ] , [  0.4 , 11.0 , 72.5 , 11.3 , 0.3 , 0.0 , 0.3 , 0.0 , 4.3 , 2697 ] , [  0.4 , 8.6 , 85.6 , 4.7 , 0.1 , 0.1 , 0.5 , 0.1 , 0.0 , 2169 ] , [  2.7 , 26.8 , 60.1 , 9.2 , 0.2 , 0.5 , 0.3 , 0.0 , 0.1 , 14853 ] , [  0.5 , 14.1 , 73.8 , 9.7 , 0.1 , 0.7 , 0.9 , 0.0 , 0.0 , 4133 ] , [  0.9 , 19.4 , 64.4 , 14.9 , 0.0 , 0.0 , 0.1 , 0.1 , 0.2 , 1251 ] , [  1.1 , 10.9 , 82.6 , 4.9 , 0.2 , 0.0 , 0.3 , 0.0 , 0.0 , 3598 ] , [  0.2 , 5.8 , 85.6 , 7.8 , 0.3 , 0.1 , 0.1 , 0.0 , 0.0 , 1385 ] , [  7.3 , 59.8 , 20.3 , 11.1 , 0.1 , 1.0 , 0.0 , 0.0 , 0.4 , 4486 ] , [  2.0 , 9.9 , 77.5 , 9.3 , 0.2 , 0.1 , 0.1 , 0.0 , 0.9 , 13820 ] , [  5.7 , 19.7 , 69.6 , 4.7 , 0.0 , 0.2 , 0.1 , 0.0 , 0.0 , 2225 ] , [  0.7 , 6.7 , 85.1 , 7.1 , 0.4 , 0.0 , 0.0 , 0.0 , 0.0 , 1975 ] , [  2.6 , 9.2 , 83.5 , 4.2 , 0.1 , 0.1 , 0.1 , 0.0 , 0.1 , 2152 ] , [  0.8 , 8.4 , 77.9 , 11.9 , 0.5 , 0.1 , 0.1 , 0.0 , 0.3 , 2571 ] , [  1.7 , 8.2 , 74.6 , 11.1 , 0.3 , 0.0 , 0.3 , 0.0 , 3.7 , 2803 ] , [  0.9 , 7.0 , 76.0 , 15.6 , 0.1 , 0.0 , 0.1 , 0.1 , 0.2 , 2094 ] , [  2.9 , 10.9 , 62.3 , 9.5 , 0.2 , 0.3 , 0.1 , 0.4 , 13.5 , 10621 ] , [  2.9 , 11.0 , 67.6 , 10.0 , 0.2 , 0.4 , 0.1 , 0.1 , 7.9 , 3184 ] , [  4.0 , 13.9 , 54.8 , 5.1 , 0.1 , 0.2 , 0.2 , 1.7 , 19.9 , 2182 ] , [  3.7 , 11.1 , 60.9 , 9.5 , 0.2 , 0.3 , 0.0 , 0.0 , 14.3 , 3061 ] , [  0.8 , 7.6 , 64.0 , 13.1 , 0.1 , 0.3 , 0.0 , 0.0 , 14.0 , 2194 ] , [  3.4 , 7.8 , 66.3 , 19.2 , 0.2 , 0.8 , 1.9 , 0.0 , 0.4 , 8740 ] , [  0.2 , 4.1 , 75.6 , 19.0 , 0.6 , 0.2 , 0.2 , 0.0 , 0.2 , 1205 ] , [  2.7 , 8.0 , 74.8 , 11.9 , 0.1 , 1.2 , 0.3 , 0.0 , 1.1 , 2679 ] , [  6.2 , 12.3 , 54.2 , 24.8 , 0.1 , 1.1 , 1.1 , 0.0 , 0.2 , 2947 ] , [  2.2 , 3.0 , 67.2 , 21.0 , 0.2 , 0.2 , 6.2 , 0.1 , 0.1 , 1909 ] , [  4.0 , 14.0 , 75.0 , 6.5 , 0.1 , 0.1 , 0.1 , 0.0 , 0.0 , 2091 ] , [  0.6 , 8.3 , 84.5 , 6.3 , 0.2 , 0.0 , 0.1 , 0.0 , 0.0 , 1728 ] , [  2.8 , 8.5 , 82.2 , 6.5 , 0.0 , 0.0 , 0.0 , 0.0 , 0.1 , 1978 ] , [  0.8 , 8.3 , 77.0 , 13.6 , 0.2 , 0.1 , 0.0 , 0.0 , 0.0 , 1680 ] , [  1.5 , 9.9 , 72.2 , 12.4 , 0.3 , 0.0 , 0.0 , 0.0 , 3.6 , 2144 ] , [  0.6 , 6.7 , 77.5 , 14.4 , 0.3 , 0.0 , 0.2 , 0.1 , 0.2 , 1707 ] , [  2.9 , 11.4 , 60.9 , 10.9 , 0.1 , 0.1 , 0.0 , 0.3 , 13.4 , 7790 ] , [  3.5 , 11.9 , 63.9 , 12.4 , 0.0 , 0.0 , 0.0 , 0.0 , 8.3 , 2517 ] , [  2.9 , 13.0 , 55.3 , 6.6 , 0.1 , 0.2 , 0.0 , 1.5 , 20.5 , 1697 ] , [  3.3 , 11.7 , 60.9 , 11.0 , 0.0 , 0.0 , 0.0 , 0.0 , 12.9 , 2090 ] , [  1.2 , 8.2 , 62.1 , 13.3 , 0.1 , 0.3 , 0.0 , 0.0 , 14.8 , 1486 ] , [  3.1 , 6.6 , 69.1 , 19.4 , 0.1 , 0.3 , 1.1 , 0.0 , 0.3 , 6293 ] , [  0.1 , 2.4 , 78.7 , 18.5 , 0.1 , 0.1 , 0.2 , 0.0 , 0.0 , 1248 ] , [  2.8 , 6.5 , 76.2 , 13.2 , 0.1 , 0.2 , 0.1 , 0.0 , 0.9 , 1851 ] , [  6.0 , 11.8 , 54.8 , 26.7 , 0.1 , 0.4 , 0.1 , 0.0 , 0.1 , 1898 ] , [  2.2 , 3.1 , 70.5 , 18.5 , 0.2 , 0.4 , 5.0 , 0.0 , 0.2 , 1296 ]
])
] ,
'Elgeyo Marakwet' : [
[
'Kenya' , 'Rural' , 'Urban' , 'ElgeyoMarakwetCounty' , 'MarakwetEastConstituency' , 'Kapyego' , 'Sambirir' , 'Endo' , 'EmbobutEmbulot' , 'MarakwetWestConstituency' , 'Lelan' , 'Sengwer' , 'CheraganyChebororwa' , 'MoibenKuserwo' , 'Kapsowar' , 'Arror' , 'KeiyoNorthConstituency' , 'Kimariny' , 'Emsoo' , 'Tambach' , 'Kapchemutwa' , 'KeiyoSouthConstituency' , 'Kaptarakwa' , 'Chepkorio' , 'SoyNorth' , 'SoySouth' , 'Kabiemit' , 'Metkei' , ] ,
numpy.array([
[  16.7 , 16.9 , 36.5 , 7.7 , 11.1 , 6.7 , 3.0 , 0.3 , 1.2 , 8493380 ] , [  5.7 , 13.8 , 50.0 , 7.6 , 14.4 , 2.5 , 4.4 , 0.3 , 1.4 , 5239879 ] , [  34.5 , 21.9 , 14.8 , 7.8 , 5.8 , 13.3 , 0.8 , 0.3 , 0.9 , 3253501 ] , [  9.4 , 6.4 , 54.1 , 6.7 , 20.5 , 2.0 , 0.3 , 0.1 , 0.6 , 75749 ] , [  27.9 , 1.5 , 54.5 , 9.6 , 4.1 , 0.2 , 0.5 , 0.1 , 1.7 , 17648 ] , [  0.2 , 0.9 , 84.9 , 8.4 , 5.2 , 0.1 , 0.1 , 0.0 , 0.2 , 3694 ] , [  24.8 , 2.6 , 58.7 , 11.4 , 1.5 , 0.4 , 0.5 , 0.0 , 0.0 , 4890 ] , [  62.4 , 1.4 , 15.1 , 11.0 , 7.3 , 0.1 , 1.0 , 0.4 , 1.3 , 5823 ] , [  1.7 , 0.6 , 84.1 , 5.6 , 0.8 , 0.2 , 0.3 , 0.0 , 6.7 , 3241 ] , [  7.3 , 7.5 , 67.2 , 9.6 , 7.9 , 0.2 , 0.1 , 0.1 , 0.1 , 20968 ] , [  1.4 , 4.4 , 75.0 , 9.0 , 10.0 , 0.1 , 0.1 , 0.0 , 0.0 , 3749 ] , [  0.2 , 6.6 , 76.6 , 13.6 , 2.2 , 0.1 , 0.2 , 0.0 , 0.4 , 3687 ] , [  0.3 , 3.2 , 78.7 , 13.0 , 4.4 , 0.1 , 0.2 , 0.0 , 0.0 , 3222 ] , [  1.4 , 8.3 , 69.4 , 4.7 , 15.9 , 0.2 , 0.0 , 0.0 , 0.0 , 3662 ] , [  1.3 , 14.2 , 63.7 , 11.3 , 8.6 , 0.3 , 0.1 , 0.3 , 0.1 , 5070 ] , [  84.5 , 2.7 , 9.2 , 1.4 , 1.8 , 0.1 , 0.3 , 0.0 , 0.0 , 1578 ] , [  2.2 , 14.1 , 49.2 , 4.0 , 25.8 , 4.2 , 0.3 , 0.1 , 0.1 , 15226 ] , [  1.3 , 11.0 , 41.4 , 5.2 , 35.2 , 5.8 , 0.0 , 0.0 , 0.0 , 4850 ] , [  0.5 , 1.0 , 84.2 , 5.7 , 6.3 , 0.8 , 1.6 , 0.0 , 0.0 , 2121 ] , [  3.8 , 8.9 , 64.3 , 2.4 , 14.9 , 5.0 , 0.5 , 0.0 , 0.1 , 3391 ] , [  2.8 , 26.5 , 31.1 , 3.1 , 32.5 , 3.7 , 0.0 , 0.2 , 0.1 , 4864 ] , [  1.5 , 3.9 , 44.7 , 3.5 , 42.2 , 3.7 , 0.2 , 0.0 , 0.4 , 21907 ] , [  1.7 , 5.3 , 23.4 , 1.7 , 61.3 , 6.2 , 0.2 , 0.0 , 0.2 , 3666 ] , [  1.6 , 4.6 , 29.1 , 1.6 , 61.5 , 1.5 , 0.1 , 0.0 , 0.1 , 4506 ] , [  0.5 , 4.9 , 75.6 , 7.1 , 7.6 , 3.8 , 0.2 , 0.0 , 0.2 , 3209 ] , [  2.1 , 3.9 , 61.3 , 2.3 , 21.1 , 8.2 , 0.1 , 0.0 , 1.0 , 4398 ] , [  1.2 , 2.7 , 44.5 , 4.6 , 45.8 , 0.7 , 0.4 , 0.0 , 0.2 , 3689 ] , [  1.4 , 1.0 , 35.2 , 5.0 , 55.8 , 0.3 , 0.6 , 0.1 , 0.6 , 2439 ]
])
] ,
'Embu' : [
[
'Kenya' , 'Rural' , 'Urban' , 'EmbuCounty' , 'ManyattaConstituency' , 'RuguruNgandori' , 'Kithimu' , 'Nginda' , 'MbetiNorth' , 'Kirimani' , 'GaturiSouth' , 'RunyenjesConstituency' , 'GaturiNorth' , 'KagaariSouth' , 'Central' , 'KagaariNorth' , 'KyeniNorthWest' , 'KyeniSouth' , 'MbeereSouthConstituency' , 'Mwea' , 'Makima' , 'MbetiSouth' , 'Mavuria' , 'Kiambere' , 'MbeereNorthConstituency' , 'Nthawa' , 'Muminji' , 'Evurore' , ] ,
numpy.array([
[  16.7 , 16.9 , 36.5 , 7.7 , 11.1 , 6.7 , 3.0 , 0.3 , 1.2 , 8493380 ] , [  5.7 , 13.8 , 50.0 , 7.6 , 14.4 , 2.5 , 4.4 , 0.3 , 1.4 , 5239879 ] , [  34.5 , 21.9 , 14.8 , 7.8 , 5.8 , 13.3 , 0.8 , 0.3 , 0.9 , 3253501 ] , [  16.2 , 21.5 , 28.8 , 3.0 , 25.3 , 1.9 , 0.4 , 0.1 , 2.9 , 128079 ] , [  28.6 , 7.1 , 12.6 , 1.8 , 43.6 , 3.9 , 0.0 , 0.1 , 2.3 , 40830 ] , [  16.0 , 2.9 , 7.3 , 0.9 , 71.7 , 0.5 , 0.0 , 0.1 , 0.5 , 7302 ] , [  9.9 , 23.5 , 30.8 , 4.2 , 17.4 , 1.0 , 0.1 , 0.1 , 13.0 , 4746 ] , [  9.5 , 1.8 , 9.3 , 1.1 , 77.7 , 0.4 , 0.0 , 0.0 , 0.2 , 7120 ] , [  43.5 , 10.1 , 9.5 , 1.1 , 27.6 , 6.0 , 0.0 , 0.0 , 2.1 , 8475 ] , [  53.0 , 3.7 , 6.4 , 2.6 , 23.7 , 9.7 , 0.0 , 0.2 , 0.6 , 9737 ] , [  15.0 , 6.1 , 30.4 , 1.2 , 45.9 , 0.6 , 0.1 , 0.1 , 0.6 , 3450 ] , [  10.0 , 16.3 , 25.6 , 1.6 , 37.9 , 0.9 , 0.1 , 0.1 , 7.5 , 36510 ] , [  10.1 , 7.0 , 27.8 , 2.7 , 47.7 , 0.4 , 0.0 , 0.1 , 4.3 , 6302 ] , [  7.4 , 27.9 , 45.7 , 2.0 , 14.0 , 1.1 , 0.1 , 0.1 , 1.8 , 5139 ] , [  16.5 , 10.4 , 18.0 , 1.1 , 30.6 , 2.3 , 0.2 , 0.2 , 20.8 , 6195 ] , [  11.5 , 3.6 , 10.2 , 1.0 , 72.0 , 0.3 , 0.0 , 0.0 , 1.5 , 6479 ] , [  9.1 , 9.0 , 25.0 , 1.2 , 49.9 , 0.6 , 0.1 , 0.0 , 5.2 , 5447 ] , [  5.5 , 39.2 , 30.5 , 1.4 , 12.3 , 0.6 , 0.1 , 0.1 , 10.3 , 6948 ] , [  12.2 , 39.7 , 38.2 , 5.8 , 1.6 , 1.3 , 1.2 , 0.1 , 0.1 , 29929 ] , [  15.2 , 66.1 , 12.7 , 2.5 , 1.0 , 2.0 , 0.4 , 0.1 , 0.1 , 7303 ] , [  3.9 , 43.9 , 41.9 , 2.3 , 1.2 , 1.2 , 5.6 , 0.0 , 0.1 , 4876 ] , [  18.6 , 26.9 , 43.4 , 6.3 , 3.0 , 1.6 , 0.2 , 0.1 , 0.1 , 7246 ] , [  12.3 , 30.4 , 44.8 , 10.8 , 0.6 , 0.7 , 0.2 , 0.1 , 0.1 , 7469 ] , [  2.5 , 22.7 , 64.9 , 6.1 , 2.7 , 0.2 , 0.6 , 0.0 , 0.2 , 3035 ] , [  8.5 , 32.8 , 52.8 , 3.8 , 1.1 , 0.7 , 0.3 , 0.0 , 0.1 , 20810 ] , [  17.9 , 55.0 , 23.1 , 1.6 , 1.2 , 1.0 , 0.1 , 0.1 , 0.0 , 6730 ] , [  4.6 , 24.7 , 62.7 , 6.0 , 0.9 , 0.2 , 0.8 , 0.0 , 0.1 , 3869 ] , [  3.8 , 21.2 , 68.7 , 4.3 , 1.0 , 0.6 , 0.2 , 0.0 , 0.1 , 10211 ]
])
] ,
'Garissa' : [
[
'Kenya' , 'Rural' , 'Urban' , 'GarissaCounty' , 'GarissaTownshipConstituency' , 'Waberi' , 'Galbet' , 'Township' , 'Iftin' , 'BalambalaConstituency' , 'Balambala' , 'Danyere' , 'Jarajara' , 'Saka' , 'Sankuri' , 'LagderaConstituency' , 'Modogashe' , 'Benane' , 'Goreale' , 'Maalamin' , 'Sabena' , 'Baraki' , 'DadaabConstituency' , 'Dertu' , 'Dadaab' , 'Labisigale' , 'Damajale' , 'Liboi' , 'Abakaile' , 'FafiConstituency' , 'Bura' , 'Dekaharia' , 'Jarajila' , 'Fafi' , 'Nanighi' , 'IjaraConstituency' , 'Hulugho' , 'Sangailu' , 'Ijara' , 'Masalani' , ] ,
numpy.array([
[  16.7 , 16.9 , 36.5 , 7.7 , 11.1 , 6.7 , 3.0 , 0.3 , 1.2 , 8493380 ] , [  5.7 , 13.8 , 50.0 , 7.6 , 14.4 , 2.5 , 4.4 , 0.3 , 1.4 , 5239879 ] , [  34.5 , 21.9 , 14.8 , 7.8 , 5.8 , 13.3 , 0.8 , 0.3 , 0.9 , 3253501 ] , [  6.1 , 16.4 , 8.6 , 6.2 , 7.2 , 1.0 , 53.5 , 0.1 , 0.9 , 69369 ] , [  17.4 , 51.7 , 12.5 , 7.2 , 1.0 , 0.7 , 7.4 , 0.2 , 1.7 , 19858 ] , [  17.9 , 39.3 , 24.0 , 9.7 , 1.2 , 1.4 , 5.7 , 0.2 , 0.6 , 3119 ] , [  10.5 , 57.6 , 14.9 , 9.5 , 1.7 , 0.4 , 4.7 , 0.1 , 0.6 , 7407 ] , [  26.0 , 61.3 , 1.6 , 3.2 , 0.1 , 1.1 , 0.2 , 0.0 , 6.5 , 4087 ] , [  20.4 , 43.5 , 10.8 , 5.5 , 0.7 , 0.5 , 18.0 , 0.4 , 0.3 , 5245 ] , [  0.7 , 1.0 , 9.4 , 3.8 , 26.1 , 0.2 , 58.6 , 0.1 , 0.1 , 10666 ] , [  0.4 , 2.1 , 6.0 , 5.6 , 35.8 , 0.3 , 49.3 , 0.2 , 0.4 , 2623 ] , [  0.1 , 0.2 , 1.4 , 0.7 , 7.4 , 0.1 , 90.0 , 0.0 , 0.0 , 3034 ] , [  0.4 , 0.3 , 44.4 , 2.8 , 23.0 , 0.1 , 28.8 , 0.0 , 0.2 , 1134 ] , [  0.2 , 0.7 , 10.5 , 3.4 , 35.0 , 0.2 , 49.7 , 0.4 , 0.0 , 1649 ] , [  2.3 , 1.3 , 5.8 , 6.8 , 35.3 , 0.0 , 48.6 , 0.0 , 0.0 , 2226 ] , [  0.5 , 0.6 , 5.3 , 3.6 , 1.9 , 0.1 , 87.6 , 0.1 , 0.2 , 11674 ] , [  1.0 , 1.2 , 9.4 , 7.1 , 0.3 , 0.3 , 80.6 , 0.1 , 0.1 , 3926 ] , [  0.3 , 0.5 , 5.8 , 2.9 , 0.2 , 0.1 , 90.1 , 0.0 , 0.1 , 1824 ] , [  0.2 , 0.8 , 8.7 , 1.6 , 3.2 , 0.0 , 85.0 , 0.0 , 0.6 , 1210 ] , [  0.3 , 0.1 , 1.9 , 3.2 , 5.3 , 0.1 , 88.8 , 0.1 , 0.1 , 1432 ] , [  0.2 , 0.1 , 0.2 , 1.2 , 4.4 , 0.0 , 93.6 , 0.0 , 0.2 , 2080 ] , [  0.1 , 0.1 , 1.0 , 0.4 , 0.4 , 0.0 , 97.8 , 0.1 , 0.2 , 1202 ] , [  0.8 , 1.1 , 7.0 , 7.4 , 5.2 , 3.6 , 73.7 , 0.1 , 1.0 , 9244 ] , [  0.2 , 0.1 , 2.0 , 4.0 , 0.1 , 0.4 , 92.5 , 0.0 , 0.6 , 2065 ] , [  1.8 , 6.4 , 12.0 , 27.8 , 8.9 , 7.7 , 33.9 , 0.6 , 0.9 , 1199 ] , [  0.3 , 1.3 , 11.7 , 4.2 , 2.1 , 0.6 , 78.3 , 0.0 , 1.4 , 623 ] , [  0.4 , 0.2 , 4.2 , 2.5 , 8.0 , 0.2 , 84.4 , 0.0 , 0.1 , 1629 ] , [  1.6 , 0.5 , 14.1 , 10.0 , 11.1 , 11.5 , 50.7 , 0.2 , 0.3 , 1942 ] , [  0.4 , 0.1 , 2.7 , 0.4 , 1.0 , 0.1 , 92.4 , 0.0 , 3.0 , 1786 ] , [  1.1 , 1.2 , 5.0 , 6.9 , 7.2 , 0.5 , 77.7 , 0.1 , 0.3 , 6085 ] , [  2.2 , 2.9 , 8.1 , 21.9 , 0.5 , 1.1 , 63.2 , 0.1 , 0.0 , 1062 ] , [  0.0 , 0.4 , 2.9 , 0.1 , 0.1 , 0.1 , 96.3 , 0.0 , 0.1 , 1560 ] , [  2.3 , 2.2 , 3.5 , 4.5 , 25.2 , 0.8 , 61.3 , 0.2 , 0.0 , 1355 ] , [  0.8 , 0.3 , 0.4 , 0.7 , 4.9 , 0.2 , 91.4 , 0.5 , 0.8 , 921 ] , [  0.3 , 0.2 , 10.4 , 9.8 , 4.0 , 0.1 , 74.6 , 0.0 , 0.7 , 1187 ] , [  4.1 , 6.4 , 7.5 , 7.9 , 7.2 , 1.2 , 64.3 , 0.2 , 1.2 , 11842 ] , [  0.4 , 0.3 , 6.8 , 0.3 , 17.2 , 0.3 , 74.5 , 0.0 , 0.2 , 2652 ] , [  0.2 , 0.2 , 8.5 , 2.2 , 7.9 , 0.2 , 79.4 , 0.1 , 1.4 , 2406 ] , [  1.0 , 0.7 , 3.8 , 8.6 , 5.6 , 1.1 , 74.5 , 0.1 , 4.7 , 2209 ] , [  9.8 , 15.8 , 9.1 , 14.9 , 1.9 , 2.4 , 45.6 , 0.3 , 0.1 , 4575 ]
])
] ,
'HomaBay' : [
[
'Kenya' , 'Rural' , 'Urban' , 'HomaBayCounty' , 'KasipulConstituency' , 'WestKasipul' , 'SouthKasipul' , 'CentralKasipul' , 'EastKamagak' , 'WestKamagak' , 'KabondoKasipulConstituency' , 'KabondoEast' , 'KabondoWest' , 'KokwanyoKakelo' , 'Kojwach' , 'KarachuonyoConstituency' , 'WestKarachuonyo' , 'NorthKarachuonyo' , 'Central' , 'Kanyaluo' , 'Kibiri' , 'Wangchieng' , 'KenduBayTown' , 'RangweConstituency' , 'WestGem' , 'EastGem' , 'Kagan' , 'Kochia' , 'HomaBayTownConstituency' , 'HomaBayCentral' , 'HomaBayArujo' , 'HomaBayWest' , 'HomaBayEast' , 'NdhiwaConstituency' , 'Kwabwai' , 'Kanyadoto' , 'Kanyikela' , 'KabuochNorth' , 'KabuochPala' , 'KanyamwaKologi' , 'KanyamwaKosewe' , 'SubaNorthConstituency' , 'MfanganoIsland' , 'RusingaIsland' , 'Kasgunga' , 'Gembe' , 'Lambwe' , 'SubaSouthConstituency' , 'GwassiSouth' , 'GwassiNorth' , 'KaksingiriWest' , 'KaksingiriEast' , ] ,
numpy.array([
[  16.7 , 16.9 , 36.5 , 7.7 , 11.1 , 6.7 , 3.0 , 0.3 , 1.2 , 8493380 ] , [  5.7 , 13.8 , 50.0 , 7.6 , 14.4 , 2.5 , 4.4 , 0.3 , 1.4 , 5239879 ] , [  34.5 , 21.9 , 14.8 , 7.8 , 5.8 , 13.3 , 0.8 , 0.3 , 0.9 , 3253501 ] , [  2.6 , 8.6 , 65.6 , 16.4 , 0.3 , 5.6 , 0.2 , 0.1 , 0.7 , 203192 ] , [  1.9 , 17.0 , 63.4 , 16.3 , 0.6 , 0.7 , 0.0 , 0.0 , 0.0 , 24205 ] , [  0.4 , 4.7 , 82.1 , 10.4 , 2.2 , 0.1 , 0.0 , 0.0 , 0.0 , 5408 ] , [  1.1 , 24.3 , 54.8 , 18.6 , 0.1 , 1.1 , 0.0 , 0.1 , 0.0 , 5506 ] , [  1.0 , 10.4 , 74.2 , 13.0 , 0.1 , 1.2 , 0.1 , 0.0 , 0.0 , 5573 ] , [  0.4 , 10.2 , 72.4 , 16.7 , 0.0 , 0.3 , 0.1 , 0.0 , 0.0 , 2984 ] , [  6.7 , 34.8 , 33.6 , 24.0 , 0.1 , 0.6 , 0.0 , 0.1 , 0.0 , 4734 ] , [  1.1 , 12.3 , 71.7 , 14.6 , 0.1 , 0.2 , 0.0 , 0.0 , 0.1 , 22003 ] , [  1.0 , 16.2 , 70.1 , 12.3 , 0.1 , 0.2 , 0.0 , 0.0 , 0.0 , 6315 ] , [  1.3 , 9.6 , 70.8 , 17.9 , 0.1 , 0.1 , 0.1 , 0.0 , 0.1 , 6422 ] , [  1.0 , 8.7 , 74.4 , 15.7 , 0.1 , 0.2 , 0.0 , 0.0 , 0.0 , 5590 ] , [  0.9 , 15.6 , 71.8 , 11.1 , 0.1 , 0.3 , 0.0 , 0.0 , 0.2 , 3676 ] , [  3.8 , 5.4 , 69.6 , 19.5 , 0.5 , 0.8 , 0.0 , 0.0 , 0.4 , 33933 ] , [  2.1 , 3.0 , 87.9 , 5.6 , 0.1 , 1.1 , 0.1 , 0.0 , 0.0 , 4920 ] , [  2.6 , 4.7 , 77.1 , 14.4 , 0.2 , 1.0 , 0.1 , 0.0 , 0.0 , 4885 ] , [  4.4 , 5.7 , 62.0 , 27.4 , 0.0 , 0.5 , 0.0 , 0.0 , 0.0 , 4345 ] , [  3.4 , 4.9 , 69.1 , 22.1 , 0.0 , 0.3 , 0.0 , 0.1 , 0.0 , 4005 ] , [  6.2 , 4.7 , 73.7 , 11.8 , 0.1 , 0.9 , 0.1 , 0.0 , 2.5 , 4063 ] , [  0.8 , 5.7 , 69.0 , 22.2 , 1.7 , 0.1 , 0.0 , 0.0 , 0.5 , 7254 ] , [  9.3 , 9.3 , 46.5 , 32.9 , 0.3 , 1.7 , 0.0 , 0.0 , 0.0 , 4461 ] , [  0.9 , 5.7 , 73.2 , 19.6 , 0.2 , 0.3 , 0.1 , 0.0 , 0.0 , 20661 ] , [  0.6 , 4.2 , 71.1 , 23.7 , 0.1 , 0.2 , 0.1 , 0.0 , 0.0 , 4101 ] , [  1.1 , 11.0 , 68.6 , 18.9 , 0.0 , 0.3 , 0.1 , 0.0 , 0.0 , 4770 ] , [  0.8 , 3.6 , 80.1 , 14.9 , 0.4 , 0.2 , 0.1 , 0.0 , 0.0 , 5974 ] , [  1.0 , 4.6 , 71.3 , 22.2 , 0.2 , 0.6 , 0.1 , 0.1 , 0.0 , 5816 ] , [  4.7 , 10.6 , 45.5 , 14.6 , 0.2 , 21.5 , 0.1 , 0.6 , 2.1 , 21309 ] , [  7.9 , 19.1 , 32.9 , 12.4 , 0.2 , 26.5 , 0.1 , 0.8 , 0.1 , 7026 ] , [  7.0 , 10.7 , 26.1 , 6.6 , 0.5 , 45.2 , 0.1 , 1.3 , 2.6 , 5787 ] , [  1.0 , 3.9 , 69.8 , 17.6 , 0.1 , 1.0 , 0.2 , 0.0 , 6.5 , 2601 ] , [  0.4 , 3.3 , 68.9 , 23.8 , 0.1 , 1.5 , 0.1 , 0.1 , 1.9 , 5895 ] , [  0.6 , 5.7 , 74.7 , 15.1 , 0.2 , 1.3 , 0.6 , 0.1 , 1.7 , 36524 ] , [  0.9 , 5.3 , 70.4 , 18.9 , 0.2 , 1.7 , 0.4 , 0.1 , 2.0 , 6296 ] , [  0.9 , 5.4 , 64.2 , 26.8 , 0.2 , 1.5 , 1.0 , 0.0 , 0.0 , 3264 ] , [  0.8 , 9.6 , 65.2 , 22.9 , 0.3 , 0.3 , 0.6 , 0.0 , 0.3 , 1363 ] , [  0.6 , 3.4 , 84.1 , 9.9 , 0.1 , 0.4 , 0.4 , 0.1 , 0.9 , 7748 ] , [  0.4 , 2.9 , 71.1 , 18.0 , 0.2 , 0.2 , 0.3 , 0.1 , 6.8 , 5842 ] , [  0.5 , 2.9 , 76.3 , 17.1 , 0.3 , 1.8 , 1.1 , 0.1 , 0.1 , 5011 ] , [  0.6 , 12.3 , 77.0 , 6.4 , 0.3 , 2.6 , 0.5 , 0.1 , 0.1 , 7000 ] , [  3.4 , 9.6 , 54.8 , 14.0 , 0.1 , 16.8 , 0.1 , 0.3 , 1.0 , 23540 ] , [  1.5 , 1.9 , 40.7 , 12.2 , 0.0 , 38.9 , 0.1 , 0.9 , 3.8 , 5510 ] , [  3.7 , 20.4 , 51.4 , 15.4 , 0.0 , 9.0 , 0.0 , 0.0 , 0.0 , 5492 ] , [  7.2 , 16.5 , 35.5 , 15.7 , 0.2 , 24.5 , 0.1 , 0.1 , 0.2 , 4386 ] , [  2.4 , 2.5 , 77.7 , 14.5 , 0.3 , 2.3 , 0.2 , 0.1 , 0.1 , 3688 ] , [  2.4 , 4.7 , 76.3 , 12.5 , 0.3 , 3.3 , 0.3 , 0.0 , 0.1 , 4464 ] , [  4.9 , 4.5 , 64.3 , 17.0 , 0.3 , 8.5 , 0.2 , 0.1 , 0.1 , 21017 ] , [  3.1 , 4.7 , 70.7 , 17.8 , 0.1 , 3.3 , 0.2 , 0.1 , 0.1 , 6771 ] , [  1.9 , 3.1 , 67.4 , 15.4 , 0.5 , 11.6 , 0.2 , 0.0 , 0.0 , 6361 ] , [  12.1 , 6.7 , 48.5 , 18.3 , 0.4 , 13.5 , 0.3 , 0.1 , 0.1 , 5603 ] , [  1.4 , 2.8 , 75.8 , 16.0 , 0.2 , 3.3 , 0.3 , 0.1 , 0.0 , 2282 ]
])
] ,
'Isiolo' : [
[
'Kenya' , 'Rural' , 'Urban' , 'IsioloCounty' , 'IsioloNorthConstituency' , 'Wabera' , 'BulaPesa' , 'Chari' , 'Cherab' , 'NgareMara' , 'Burat' , 'Oldonyiro' , 'IsioloSouthConstituency' , 'Garbatulla' , 'Kinna' , 'Sericho' , ] ,
numpy.array([
[  16.7 , 16.9 , 36.5 , 7.7 , 11.1 , 6.7 , 3.0 , 0.3 , 1.2 , 8493380 ] , [  5.7 , 13.8 , 50.0 , 7.6 , 14.4 , 2.5 , 4.4 , 0.3 , 1.4 , 5239879 ] , [  34.5 , 21.9 , 14.8 , 7.8 , 5.8 , 13.3 , 0.8 , 0.3 , 0.9 , 3253501 ] , [  10.3 , 6.7 , 31.1 , 3.7 , 22.3 , 1.2 , 17.7 , 4.9 , 2.1 , 30877 ] , [  14.2 , 8.3 , 28.1 , 2.1 , 29.6 , 1.5 , 6.8 , 6.8 , 2.7 , 22149 ] , [  18.1 , 21.9 , 3.0 , 0.7 , 53.0 , 2.4 , 0.7 , 0.1 , 0.1 , 3647 ] , [  35.3 , 8.4 , 6.4 , 0.6 , 47.6 , 1.5 , 0.1 , 0.1 , 0.1 , 6145 ] , [  0.3 , 0.6 , 61.1 , 1.9 , 3.8 , 0.3 , 26.7 , 0.1 , 5.3 , 1024 ] , [  0.4 , 1.3 , 53.5 , 1.2 , 13.1 , 0.2 , 26.9 , 0.0 , 3.5 , 3256 ] , [  10.4 , 9.4 , 58.1 , 4.0 , 3.3 , 10.1 , 3.0 , 0.2 , 1.6 , 1133 ] , [  4.4 , 7.2 , 45.8 , 4.8 , 30.4 , 0.4 , 2.3 , 2.3 , 2.4 , 3822 ] , [  0.2 , 2.8 , 30.2 , 3.9 , 1.1 , 0.3 , 6.6 , 45.0 , 10.0 , 3122 ] , [  0.5 , 2.6 , 38.8 , 7.7 , 3.8 , 0.6 , 45.2 , 0.1 , 0.7 , 8728 ] , [  0.4 , 3.8 , 25.0 , 7.5 , 2.4 , 0.5 , 59.6 , 0.0 , 0.8 , 3473 ] , [  0.4 , 2.1 , 42.7 , 5.1 , 3.7 , 0.8 , 44.8 , 0.1 , 0.3 , 2908 ] , [  1.0 , 1.4 , 54.5 , 11.0 , 6.1 , 0.5 , 24.1 , 0.1 , 1.2 , 2347 ]
])
] ,
'Kajiado' : [
[
'Kenya' , 'Rural' , 'Urban' , 'KajiadoCounty' , 'KajiadoNorthConstituency' , 'Olkeri' , 'OngatRongai' , 'Nkaimurunya' , 'Oloolua' , 'Ngong' , 'KajiadoCentralConstituency' , 'Purko' , 'Ildamat' , 'Dalalekutuk' , 'MatapatoNorth' , 'MatapatoSouth' , 'KajiadoEastConstituency' , 'KaputieiNorth' , 'Kitengela' , 'OloosirkonSholinke' , 'KenyewaPoka' , 'Imaroro' , 'KajiadoWestConstituency' , 'Keekonyokie' , 'Oloodokilan' , 'Magadi' , 'EwuasoKedong' , 'Mosiro' , 'KajiadoSouthConstituency' , 'EntonetLengism' , 'ImbirikaniEsselengei' , 'Kuku' , 'Rombo' , 'Kimana' , ] ,
numpy.array([
[  16.7 , 16.9 , 36.5 , 7.7 , 11.1 , 6.7 , 3.0 , 0.3 , 1.2 , 8493380 ] , [  5.7 , 13.8 , 50.0 , 7.6 , 14.4 , 2.5 , 4.4 , 0.3 , 1.4 , 5239879 ] , [  34.5 , 21.9 , 14.8 , 7.8 , 5.8 , 13.3 , 0.8 , 0.3 , 0.9 , 3253501 ] , [  27.7 , 7.5 , 22.6 , 3.3 , 8.2 , 26.6 , 2.0 , 0.5 , 1.6 , 170129 ] , [  52.4 , 4.8 , 1.6 , 0.9 , 4.1 , 35.3 , 0.0 , 0.2 , 0.7 , 56678 ] , [  41.7 , 1.8 , 1.6 , 0.5 , 5.6 , 48.4 , 0.0 , 0.2 , 0.0 , 11049 ] , [  72.7 , 4.1 , 0.6 , 0.1 , 2.3 , 18.2 , 0.0 , 0.3 , 1.6 , 12945 ] , [  55.5 , 5.8 , 1.9 , 1.8 , 2.2 , 32.1 , 0.0 , 0.2 , 0.5 , 17417 ] , [  40.2 , 4.6 , 2.6 , 0.7 , 5.7 , 45.4 , 0.0 , 0.2 , 0.6 , 9561 ] , [  38.2 , 9.7 , 1.1 , 0.6 , 8.4 , 41.4 , 0.1 , 0.2 , 0.3 , 5706 ] , [  12.7 , 10.9 , 46.7 , 9.0 , 1.1 , 13.1 , 3.3 , 0.2 , 3.0 , 22398 ] , [  2.0 , 5.8 , 70.8 , 7.0 , 0.8 , 11.0 , 1.8 , 0.2 , 0.7 , 1007 ] , [  37.1 , 7.7 , 27.8 , 5.9 , 2.1 , 17.0 , 0.4 , 0.3 , 1.7 , 1990 ] , [  25.8 , 12.1 , 33.7 , 8.5 , 0.8 , 17.7 , 0.2 , 0.2 , 1.2 , 6296 ] , [  1.5 , 6.0 , 57.9 , 5.6 , 1.3 , 14.5 , 6.7 , 0.3 , 6.2 , 6436 ] , [  5.4 , 16.1 , 50.3 , 13.9 , 1.1 , 6.6 , 4.2 , 0.1 , 2.5 , 6669 ] , [  28.8 , 14.2 , 13.4 , 2.6 , 1.6 , 38.0 , 0.4 , 0.6 , 0.4 , 36689 ] , [  12.9 , 8.0 , 11.3 , 1.2 , 2.2 , 63.3 , 0.2 , 0.4 , 0.4 , 7916 ] , [  45.3 , 8.1 , 0.4 , 0.2 , 1.4 , 43.7 , 0.1 , 0.8 , 0.1 , 10220 ] , [  45.6 , 12.2 , 0.7 , 0.4 , 1.9 , 38.8 , 0.0 , 0.1 , 0.2 , 10069 ] , [  5.5 , 34.9 , 42.3 , 6.2 , 1.2 , 7.2 , 0.9 , 1.4 , 0.5 , 5170 ] , [  1.1 , 22.0 , 52.6 , 14.7 , 0.4 , 5.6 , 2.0 , 0.3 , 1.4 , 3314 ] , [  12.9 , 5.1 , 36.8 , 4.0 , 4.0 , 26.3 , 6.8 , 0.4 , 3.7 , 25232 ] , [  24.5 , 1.6 , 16.4 , 1.2 , 4.8 , 48.6 , 0.8 , 0.4 , 1.6 , 9328 ] , [  1.2 , 2.6 , 46.6 , 8.7 , 0.5 , 7.7 , 14.3 , 0.6 , 17.8 , 3090 ] , [  0.9 , 17.1 , 50.3 , 2.3 , 5.1 , 7.4 , 12.6 , 0.3 , 4.1 , 5533 ] , [  14.8 , 1.8 , 44.0 , 7.4 , 4.3 , 23.8 , 3.4 , 0.3 , 0.3 , 5986 ] , [  0.4 , 0.9 , 68.6 , 4.0 , 0.1 , 1.6 , 23.5 , 0.3 , 0.5 , 1295 ] , [  2.4 , 3.8 , 44.4 , 4.1 , 33.4 , 6.0 , 3.0 , 1.1 , 1.9 , 29132 ] , [  1.6 , 1.0 , 59.8 , 4.2 , 27.3 , 1.7 , 2.3 , 0.1 , 1.9 , 4606 ] , [  1.2 , 1.0 , 54.9 , 8.7 , 11.7 , 5.9 , 11.1 , 0.4 , 5.1 , 3876 ] , [  4.0 , 6.0 , 39.0 , 4.5 , 40.0 , 2.8 , 2.0 , 0.9 , 0.8 , 8296 ] , [  1.3 , 3.8 , 40.0 , 1.3 , 38.0 , 12.0 , 0.5 , 2.1 , 1.1 , 8055 ] , [  3.5 , 5.0 , 36.8 , 4.2 , 38.5 , 5.9 , 2.9 , 1.0 , 2.3 , 4299 ]
])
] ,
'Kakamega' : [
[
